1.030740072146 0.024738660780 0.105963888623
0.024738660780 1.274406620277 0.011961468275
0.105963888623 0.011961468275 0.237515556748
1.012606737785 0.016403308212 0.100886587594
0.016403308212 1.338235914133 0.008788465538
0.100886587594 0.008788465538 0.266079444119
0.994511033563 0.002791159228 0.093666620047
0.002791159228 1.459730750807 0.003636749540
0.093666620047 0.003636749540 0.316525610449
0.983204793563 -0.019870443476 0.083397783511
-0.019870443476 1.690196061384 -0.004890851054
0.083397783511 -0.004890851054 0.406717424425
0.993487833032 -0.058075380942 0.068815906204
-0.058075380942 2.122704918620 -0.019191013162
0.068815906204 -0.019191013162 0.568451525783
1.053861038707 -0.122331477547 0.048299050405
-0.122331477547 2.914682487818 -0.043129969053
0.048299050405 -0.043129969053 0.854680529660
1.210993054002 -0.227593141266 0.020107141848
-0.227593141266 4.299322387914 -0.082194107919
0.020107141848 -0.082194107919 1.342779744706
1.523998417124 -0.390167734109 -0.016892144896
-0.390167734109 6.543238669123 -0.142344680129
-0.016892144896 -0.142344680129 2.119838390605
2.035998151819 -0.618063712589 -0.061943612365
-0.618063712589 9.798480955875 -0.226471591650
-0.061943612365 -0.226471591650 3.233280320585
2.727135416219 -0.897409147433 -0.111250075941
-0.897409147433 13.883884283440 -0.329415834319
-0.111250075941 -0.329415834319 4.619121535110
3.490723737624 -1.187922859472 -0.158334325033
-1.187922859472 18.200081154009 -0.436284726243
-0.158334325033 -0.436284726243 6.075663017172
4.172762215863 -1.437329483958 -0.196135286769
-1.437329483958 21.947242564946 -0.527468503719
-0.196135286769 -0.527468503719 7.338226044591
4.643933425537 -1.601498469303 -0.218054654659
-1.601498469303 24.458534728211 -0.584590569194
-0.218054654659 -0.584590569194 8.196035461149
4.846049437772 -1.647838468534 -0.213181401090
-1.647838468534 25.330277212386 -0.585833769163
-0.213181401090 -0.585833769163 8.561414715356
4.842869940771 -1.540064269363 -0.149372787747
-1.540064269363 24.408591183962 -0.481058314221
-0.149372787747 -0.481058314221 8.553490156438
4.980443221331 -1.223101764535 0.061217758152
-1.223101764535 22.036715439112 -0.143127649635
0.061217758152 -0.143127649635 8.779564552837
6.093801335900 -0.635997591138 0.587335641529
-0.635997591138 19.649334923122 0.663398593747
0.587335641529 0.663398593747 10.700117294509
9.209635368773 0.224966171296 1.593979319046
0.224966171296 19.614957772361 2.158392699157
1.593979319046 2.158392699157 16.112940709880
14.459576381379 1.239605858965 3.030455441549
1.239605858965 23.262794654328 4.252482601622
3.030455441549 4.252482601622 25.254520780113
20.616277879427 2.209330104094 4.583935673405
2.209330104094 29.411864767451 6.493735135038
4.583935673405 6.493735135038 35.985836204070
26.180990692171 2.988857546285 5.930310339522
2.988857546285 35.793681424330 8.425012818957
5.930310339522 8.425012818957 45.690051632608
30.406745867185 3.542456125362 6.929886720925
3.542456125362 40.965866616726 9.854219320150
6.929886720925 9.854219320150 53.061116442101
33.257676972038 3.902018521129 7.595981415343
3.902018521129 44.573244583001 10.804889873898
7.595981415343 10.804889873898 58.034545615774
34.948359601382 4.110911665457 7.988479211068
4.110911665457 46.747703132772 11.364505718934
7.988479211068 11.364505718934 60.983402945454
35.568738108662 4.186969663597 8.132438808959
4.186969663597 47.543631233107 11.569525796721
8.132438808959 11.569525796721 62.062460592239
34.651986965279 4.075267568986 7.921962205017
4.075267568986 46.324557688266 11.267402552905
7.921962205017 11.267402552905 60.454101561274
30.356006235576 3.546107790780 6.932990261201
3.546107790780 40.811824199226 9.814508650773
6.932990261201 9.814508650773 53.032139602195
20.239971483703 2.258561580904 4.604617615064
2.258561580904 29.609376341880 5.988116726681
4.604617615064 5.988116726681 36.765143218335
8.582650922158 0.629301263916 1.935344882308
0.629301263916 24.058380471478 -0.101172242137
1.935344882308 -0.101172242137 23.159935787535
2.906549002359 -0.367393706231 0.656820563746
-0.367393706231 31.815321942592 -5.454138349205
0.656820563746 -5.454138349205 23.859385803040
1.574464701113 -0.762023587554 0.350526901864
-0.762023587554 39.493965732472 -8.054203173536
0.350526901864 -8.054203173536 27.909017677234
1.741556894919 -0.929042779096 0.320392791491
-0.929042779096 40.125606212473 -8.117277178890
0.320392791491 -8.117277178890 27.659710633001
2.952503488060 -1.126821013950 0.398102110382
-1.126821013950 34.676288140037 -6.174497235523
0.398102110382 -6.174497235523 22.614010364936
5.918012993434 -1.653489976503 0.638696322852
-1.653489976503 28.310753992939 -2.997625025419
0.638696322852 -2.997625025419 15.576713085510
10.702243300928 -2.656409941240 1.070694604548
-2.656409941240 28.836650728907 -0.329476678794
1.070694604548 -0.329476678794 12.045468349097
14.655030943885 -3.559919714027 1.446293986189
-3.559919714027 34.244634254574 0.742248716128
1.446293986189 0.742248716128 12.713901940011
15.780003830666 -3.826850358489 1.554638024335
-3.826850358489 36.290752616845 0.931035327520
1.554638024335 0.931035327520 13.265916239150
14.956971206663 -3.631723438141 1.472419010448
-3.631723438141 34.366249061200 0.887913489479
1.472419010448 0.887913489479 12.543013005158
13.265233237938 -3.230662344889 1.303926785565
-3.230662344889 30.485162338111 0.782655868295
1.303926785565 0.782655868295 11.112800145172
11.152371345983 -2.734064108004 1.092643898705
-2.734064108004 25.642862530563 0.648556522602
1.092643898705 0.648556522602 9.323160380003
8.850478520091 -2.200972965571 0.860871017216
-2.200972965571 20.373262997480 0.498282456868
0.860871017216 0.498282456868 7.364781674961
6.601272747558 -1.692017971167 0.632015872293
-1.692017971167 15.233138354391 0.345177073053
0.632015872293 0.345177073053 5.438218910907
4.649592643114 -1.266316041475 0.430247653807
-1.266316041475 10.784777253052 0.203955194197
0.430247653807 0.203955194197 3.749140187915
3.159920793939 -0.960406901612 0.272438318691
-0.960406901612 7.403568141603 0.086170452660
0.272438318691 0.086170452660 2.439174403044
2.163574720493 -0.776269346508 0.162796104020
-0.776269346508 5.157288805565 -0.003361517754
0.162796104020 -0.003361517754 1.540714293188
1.579848907168 -0.688558287254 0.094526049620
-0.688558287254 3.856243634470 -0.066412811391
0.094526049620 -0.066412811391 0.992351873183
1.281611143031 -0.662422786196 0.055909347085
-0.662422786196 3.205380013413 -0.108441096700
0.055909347085 -0.108441096700 0.691822578174
1.152181175731 -0.667947369946 0.035776522027
-0.667947369946 2.935439662010 -0.135543135612
0.035776522027 -0.135543135612 0.543012718892
1.109531043085 -0.685542213102 0.025986987195
-0.685542213102 2.858200019328 -0.152762301577
0.025986987195 -0.152762301577 0.476781988372
1.105432476536 -0.704858412238 0.021520675717
-0.704858412238 2.863863672499 -0.163678033154
0.021520675717 -0.163678033154 0.451205252641
1.115219636877 -0.721572425679 0.019616241424
-0.721572425679 2.896995558581 -0.170630299636
0.019616241424 -0.170630299636 0.443783785881
1.127827787399 -0.734546943677 0.018874528809
-0.734546943677 2.933323894286 -0.175090265478
0.018874528809 -0.175090265478 0.443550602224
1.139063277284 -0.744028861625 0.018629635066
-0.744028861625 2.964152770773 -0.177971735688
0.018629635066 -0.177971735688 0.445610118387
1.147821338214 -0.750708728892 0.018581017080
-0.750708728892 2.987655768329 -0.179844105949
0.018581017080 -0.179844105949 0.447990830101
1.154205545372 -0.755305468178 0.018600097256
-0.755305468178 3.004585959789 -0.181065759126
0.018600097256 -0.181065759126 0.450023357201
1.158683927544 -0.758419948270 0.018635491087
-0.758419948270 3.016380425231 -0.181864907224
0.018635491087 -0.181864907224 0.451569068834
