2.993111066692 -0.188446723168 -2.513263117680
-0.188446723168 23.902140464904 2.021741321921
-2.513263117680 2.021741321921 9.221412249219
2.993078489994 -0.188444672428 -2.513235760974
-0.188444672428 23.901880300672 2.021719315397
-2.513235760974 2.021719315397 9.221311874747
2.993006754159 -0.188440157382 -2.513175512686
-0.188440157382 23.901307359843 2.021670849931
-2.513175512686 2.021670849931 9.221090817786
2.992851652510 -0.188430399092 -2.513045214694
-0.188430399092 23.900068386319 2.021566034441
-2.513045214694 2.021566034441 9.220612741490
2.992522455145 -0.188409704700 -2.512768508661
-0.188409704700 23.897437780060 2.021343444001
-2.512768508661 2.021343444001 9.219597479510
2.991836841736 -0.188366680171 -2.512191546259
-0.188366680171 23.891954985127 2.020879318240
-2.512191546259 2.020879318240 9.217480546931
2.990436796769 -0.188279140615 -2.511010534230
-0.188279140615 23.880741719103 2.019929275670
-2.511010534230 2.019929275670 9.213147295675
2.987637946662 -0.188105434201 -2.508638003201
-0.188105434201 23.858254969291 2.018020733226
-2.508638003201 2.018020733226 9.204442240548
2.982176436973 -0.187771568169 -2.503962946298
-0.187771568169 23.814099749263 2.014259942544
-2.503962946298 2.014259942544 9.187288980409
2.971832545264 -0.187158611931 -2.494935758232
-0.187158611931 23.729422165380 2.006998058446
-2.494935758232 2.006998058446 9.154167285578
2.953025135770 -0.186115558024 -2.477885234401
-0.186115558024 23.571591387527 1.993281559204
-2.477885234401 1.993281559204 9.091607055185
2.920913202698 -0.184591504384 -2.446481809863
-0.184591504384 23.288197702050 1.968017741121
-2.446481809863 1.968017741121 8.976384192247
2.871880292735 -0.183177230613 -2.390388129774
-0.183177230613 22.806031999532 1.922887652242
-2.390388129774 1.922887652242 8.770568966424
2.813567178457 -0.184812447724 -2.294089151880
-0.184812447724 22.052948934919 1.845400674367
-2.294089151880 1.845400674367 8.417232297640
2.793363683633 -0.199197679427 -2.137463664894
-0.199197679427 21.043599690343 1.719343753991
-2.137463664894 1.719343753991 7.842539678253
2.958687446488 -0.251655739414 -1.901208261983
-0.251655739414 20.086404608664 1.529124240543
-1.901208261983 1.529124240543 6.975646384873
3.637041997018 -0.394230692968 -1.580019417333
-0.394230692968 20.094739178449 1.270349514055
-1.580019417333 1.270349514055 5.797056735733
5.339312432764 -0.704339178057 -1.199241127602
-0.704339178057 22.697529412303 0.963224783477
-1.199241127602 0.963224783477 4.399707504066
8.523590806340 -1.247411274712 -0.817156026353
-1.247411274712 29.571263952534 0.654485687958
-0.817156026353 0.654485687958 2.997399692893
13.168653763052 -2.012924842665 -0.497871847440
-2.012924842665 41.043877043037 0.395734917064
-0.497871847440 0.395734917064 1.825358050448
18.609029619204 -2.892614175805 -0.274575008205
-2.892614175805 55.395397837942 0.213925371157
-0.274575008205 0.213925371157 1.005415753238
23.910305037924 -3.740437300524 -0.140526743937
-3.740437300525 69.886816210779 0.103965480535
-0.140526743937 0.103965480535 0.512931447243
28.380499549183 -4.450685056008 -0.068889683320
-4.450685056008 82.356780769744 0.044470264923
-0.068889683320 0.044470264923 0.249470485068
31.749644711142 -4.983842949959 -0.033616607680
-4.983842949959 91.866570543781 0.014473522596
-0.033616607680 0.014473522596 0.119403918795
34.044527260778 -5.346000852145 -0.017431906349
-5.346000852145 98.386065207277 -0.000180131389
-0.017431906349 -0.000180131389 0.059142527732
35.399020914131 -5.559085094378 -0.011184279741
-5.559085094378 102.240130431480 -0.007478522361
-0.011184279741 -0.007478522361 0.034622636767
35.925995744774 -5.640909721854 -0.011322285453
-5.640909721854 103.718367774226 -0.011703207753
-0.011322285453 -0.011703207753 0.031663629520
35.656293416466 -5.595459450309 -0.018662431074
-5.595459450309 102.878924161600 -0.015572089601
-0.018662431074 -0.015572089601 0.050487140236
34.520017888003 -5.409164108694 -0.039658136984
-5.409164108694 99.472137256463 -0.022028843263
-0.039658136984 -0.022028843263 0.108053722412
32.365650055871 -5.051866590847 -0.091585449640
-5.051866590847 92.959421398138 -0.036434869020
-0.091585449640 -0.036434869020 0.251849822514
29.049505309681 -4.486757913759 -0.213746933041
-4.486757913759 82.706087878295 -0.070106887925
-0.213746933041 -0.070106887925 0.590671819817
24.650591851868 -3.698198030136 -0.483823053794
-3.698198030136 68.509783842113 -0.145170826804
-0.483823053794 -0.145170826804 1.339825063653
19.781230989033 -2.738624566369 -1.023070319737
-2.738624566369 51.467991169570 -0.296207459466
-1.023070319737 -0.296207459466 2.835457256617
15.669121322688 -1.758856650889 -1.948043845104
-1.758856650889 34.481466913702 -0.556647482717
-1.948043845104 -0.556647482717 5.400655089531
13.532647717040 -0.953268562250 -3.250532042348
-0.953268562250 21.113731345003 -0.924591941207
-3.250532042348 -0.924591941207 9.012544413250
13.590995177670 -0.432081329219 -4.720478988029
-0.432081329219 13.158511254443 -1.340668324627
-4.720478988029 -1.340668324627 13.088627592649
14.966196967573 -0.164991911676 -6.059570200766
-0.164991911676 9.729127409582 -1.720149381838
-6.059570200766 -1.720149381838 16.801756548884
16.590508600609 -0.052938168036 -7.077431301980
-0.052938168036 8.794378048992 -2.008792895880
-7.077431301980 -2.008792895880 19.624112005582
17.883291342021 -0.012684617621 -7.751927732650
-0.012684617621 8.799893248941 -2.200138501426
-7.751927732650 -2.200138501426 21.494359425535
18.732815503356 0.000242866422 -8.157674096309
0.000242866422 9.010675224465 -2.315267536053
-8.157674096309 -2.315267536053 22.619409758018
19.232915716754 0.004088339540 -8.386095558126
0.004088339540 9.192424880619 -2.380088652482
-8.386095558126 -2.380088652482 23.252773343993
19.507968598329 0.005179386212 -8.508888332821
0.005179386212 9.308070658505 -2.414936707072
-8.508888332821 -2.414936707072 23.593250828829
19.652573242554 0.005483295209 -8.572697179538
0.005483295209 9.373000563847 -2.433045944783
-8.572697179538 -2.433045944783 23.770178666330
19.726154911296 0.005569362658 -8.604976065447
0.005569362658 9.407090372804 -2.442206983145
-8.604976065447 -2.442206983145 23.859680854424
19.762638142021 0.005595222593 -8.620933966211
0.005595222593 9.424250314838 -2.446736014868
-8.620933966211 -2.446736014868 23.903928564220
19.780326867809 0.005603787424 -8.628660068260
0.005603787424 9.432631093402 -2.448928778026
-8.628660068260 -2.448928778026 23.925351325016
19.788728875874 0.005606950975 -8.632327399591
0.005606950975 9.436625755849 -2.449969613877
-8.632327399591 -2.449969613877 23.935520017846
19.792642377621 0.005608226036 -8.634035025409
0.005608226036 9.438489436536 -2.450454260496
-8.634035025409 -2.450454260496 23.940254883747
19.794430733096 0.005608766755 -8.634815244047
0.005608766755 9.439341726435 -2.450675696875
-8.634815244047 -2.450675696875 23.942418256162
19.795232697576 0.005609000692 -8.635165099155
0.005609000692 9.439724055457 -2.450774990405
-8.635165099155 -2.450774990405 23.943388326407
19.795585657367 0.005609101977 -8.635319072384
0.005609101977 9.439892351385 -2.450818690058
-8.635319072384 -2.450818690058 23.943815259858
19.795738131078 0.005609145414 -8.635385585796
0.005609145414 9.439965057733 -2.450837567450
-8.635385585796 -2.450837567450 23.943999686724
19.795802783257 0.005609163774 -8.635413788773
0.005609163774 9.439995887694 -2.450845571831
-8.635413788773 -2.450845571831 23.944077887295
19.795829692598 0.005609171406 -8.635425527306
0.005609171406 9.440008719805 -2.450848903383
-8.635425527306 -2.450848903383 23.944110435630
19.795840686844 0.005609174522 -8.635430323268
0.005609174522 9.440013962598 -2.450850264542
-8.635430323268 -2.450850264542 23.944123733765
19.795845096251 0.005609175772 -8.635432246760
0.005609175772 9.440016065303 -2.450850810454
-8.635432246760 -2.450850810454 23.944129067179
19.795846832282 0.005609176264 -8.635433004059
0.005609176264 9.440016893161 -2.450851025386
-8.635433004059 -2.450851025386 23.944131167001
