2.124388145597 0.575849461174 -3.236218570779
0.575849461174 2.914107683289 -3.679234075513
-3.236218570779 -3.679234075513 9.825868311312
2.110179599655 0.570294947215 -3.207687519246
0.570294947215 2.890778548617 -3.649619026876
-3.207687519246 -3.649619026876 9.747107966244
2.093810732889 0.563682554332 -3.173955828750
0.563682554332 2.863421472917 -3.614873917735
-3.173955828750 -3.614873917735 9.654738775353
2.075086223350 0.555813260064 -3.134135295264
0.555813260064 2.831439266143 -3.574230982364
-3.134135295264 -3.574230982364 9.546738665727
2.053830178562 0.546441434781 -3.087157563272
0.546441434781 2.794144466480 -3.526803588880
-3.087157563272 -3.526803588880 9.420778182507
2.029917210719 0.535263972876 -3.031743457273
0.535263972876 2.750758482595 -3.471583336667
-3.031743457273 -3.471583336667 9.274216480576
2.003320999013 0.521907016964 -2.966370053359
0.521907016964 2.700418613967 -3.407446426188
-2.966370053359 -3.407446426188 9.104123466227
1.974187876069 0.505910018994 -2.889237675972
0.505910018994 2.642198105799 -3.333175594759
-2.889237675972 -3.333175594759 8.907345342659
1.942945074419 0.486707101784 -2.798240789999
0.486707101784 2.575146486901 -3.247506519940
-2.798240789999 -3.247506519940 8.680637846315
1.910454963971 0.463606157237 -2.690949394011
0.463606157237 2.498359793918 -3.149210566757
-2.690949394011 -3.149210566757 8.420899402440
1.878226693364 0.435767013281 -2.564611177689
0.435767013281 2.411092366841 -3.037228465360
-2.564611177689 -3.037228465360 8.125543497231
1.848692867306 0.402181556101 -2.416189376144
0.402181556101 2.312922528241 -2.910870541078
-2.416189376144 -2.910870541078 7.793051828891
1.825547602296 0.361661180885 -2.242456484241
0.361661180885 2.203981475129 -2.770095874731
-2.242456484241 -2.770095874731 7.423740060094
1.814118536279 0.312840564732 -2.040168476292
0.312840564732 2.085244791982 -2.615871194350
-2.040168476292 -2.615871194350 7.020735125816
1.821704196785 0.254211366928 -1.806345229094
0.254211366928 1.958865067121 -2.450585364730
-1.806345229094 -2.450585364730 6.591093400624
1.857748641615 0.184204071405 -1.538676061681
0.184204071405 1.828489227295 -2.278453271998
-1.538676061681 -2.278453271998 6.146872658287
1.933658204113 0.101338252190 -1.236048990187
0.101338252190 1.699457829587 -2.105786253014
-1.236048990187 -2.105786253014 5.705815549692
2.062022648066 0.004456497460 -0.899163718071
0.004456497460 1.578739826149 -1.940951618222
-0.899163718071 -1.940951618222 5.291155258629
2.255042609131 -0.106960734053 -0.531132655056
-0.106960734053 1.474445936989 -1.793827990853
-0.531132655056 -1.793827990853 4.930017314294
2.522151958978 -0.232436447857 -0.137914967454
-0.232436447857 1.394828314579 -1.674636641537
-0.137914967454 -1.674636641537 4.650104236600
2.867176429469 -0.370177233467 0.271604495605
-0.370177233467 1.346840016045 -1.592225034971
0.271604495605 -1.592225034971 4.474900643408
3.285786981957 -0.516911140917 0.686048416236
-0.516911140917 1.334563153740 -1.552161819846
0.686048416236 -1.552161819846 4.418421322576
3.764243997868 -0.667998195164 1.092531343196
-0.667998195164 1.358004569321 -1.555236605048
1.092531343196 -1.555236605048 4.481161765703
4.280218697258 -0.817861315548 1.478052402486
-0.817861315548 1.412749652670 -1.596959092454
1.478052402486 -1.596959092454 4.648889986030
4.805769842429 -0.960668880759 1.830985238995
-0.960668880759 1.490688711407 -1.668332367870
1.830985238995 -1.668332367870 4.895004752222
5.311663165434 -1.091090741288 2.142292246857
-1.091090741288 1.581599450716 -1.757664060209
2.142292246857 -1.757664060209 5.185752618796
5.771669326793 -1.204913026017 2.406178670832
-1.204913026017 1.675031671020 -1.852770230043
2.406178670832 -1.852770230043 5.486468575424
6.165589428786 -1.299357327787 2.620097655892
-1.299357327787 1.761890693285 -1.942855156129
2.620097655892 -1.942855156129 5.766831924028
6.480410455606 -1.373068673607 2.784219000264
-1.373068673607 1.835345306477 -2.019611075832
2.784219000264 -2.019611075832 6.003883986794
6.709752475826 -1.425846572651 2.900594708141
-1.425846572651 1.891016200364 -2.077468113053
2.900594708141 -2.077468113053 6.182647953071
6.852251482066 -1.458247588042 2.972268082883
-1.458247588042 1.926645609023 -2.113215135709
2.972268082883 -2.113215135709 6.295004204849
6.909616450238 -1.471182614406 3.002512040725
-1.471182614406 1.941532918691 -2.125315316094
3.002512040725 -2.125315316094 6.337754967794
6.884928364986 -1.465593057018 2.994298172637
-1.465593057018 1.935978983671 -2.113194380877
2.994298172637 -2.113194380877 6.310674274655
6.781497660117 -1.442246507423 2.950028927965
-1.442246507423 1.910888955462 -2.076673126458
2.950028927965 -2.076673126458 6.215032885632
6.602389120051 -1.401661001499 2.871524621818
-1.401661001499 1.867596358343 -2.015617210053
2.871524621818 -2.015617210053 6.052803768753
6.350595413144 -1.344150268800 2.760239215838
-1.344150268800 1.807910640143 -1.929813783638
2.760239215838 -1.929813783638 5.826564425149
6.029768327950 -1.269974881012 2.617669583773
-1.269974881012 1.734350891842 -1.819053043662
2.617669583773 -1.819053043662 5.540003556859
5.645356410526 -1.179577755152 2.445907122346
-1.179577755152 1.650494494190 -1.683377488373
2.445907122346 -1.683377488373 5.198863224956
5.205914012015 -1.073870530867 2.248248088688
-1.073870530867 1.561329414289 -1.523447018235
2.248248088688 -1.523447018235 4.812061843071
4.724234750370 -0.954517953240 2.029730879719
-0.954517953240 1.473454477507 -1.340945451196
2.029730879719 -1.340945451196 4.392638180726
4.217862757351 -0.824145801222 1.797422564770
-0.824145801222 1.394944618465 -1.138926032835
1.797422564770 -1.138926032835 3.958070015176
3.708534764230 -0.686387583673 1.560269425185
-0.686387583673 1.334726705325 -0.921975029130
1.560269425185 -0.921975029130 3.529537701285
3.220302505407 -0.545703754704 1.328398033965
-0.545703754704 1.301432435036 -0.696086424077
1.328398033965 -0.696086424077 3.129915609006
2.776505274855 -0.406964563502 1.111918527746
-0.406964563502 1.301903768926 -0.468204211391
1.111918527746 -0.468204211391 2.780702649900
2.396280034077 -0.274871714127 0.919492693693
-0.274871714127 1.339745758457 -0.245493947162
0.919492693693 -0.245493947162 2.498611969806
2.091638809684 -0.153366933400 0.757078192235
-0.153366933400 1.414417700615 -0.034510710252
0.757078192235 -0.034510710252 2.292853993189
1.866052697699 -0.045193080345 0.627240012542
-0.045193080345 1.521223988553 0.159520396462
0.627240012542 0.159520396462 2.164017016296
1.714936779534 0.048281570483 0.529214969240
0.048281570483 1.652240020159 0.333135138478
0.529214969240 0.333135138478 2.104871745717
1.627711542234 0.126964894801 0.459630157069
0.126964894801 1.797855412454 0.484705667631
0.459630157069 0.484705667631 2.102699133316
1.590616042083 0.191747373778 0.413567102361
0.191747373778 1.948429357799 0.614212868267
0.413567102361 0.614212868267 2.142261365410
1.589383001357 0.244131767797 0.385621640108
0.244131767797 2.095606676302 0.722840478351
0.385621640108 0.722840478351 2.208509212058
1.611181515949 0.285889039736 0.370713146033
0.285889039736 2.233060970270 0.812524271950
0.370713146033 0.812524271950 2.288451112808
1.645645100294 0.318798773189 0.364553561247
0.318798773189 2.356668700906 0.885552520175
0.364553561247 0.885552520175 2.372042253923
1.685118041882 0.344487441114 0.363812210087
0.344487441114 2.464269593643 0.944263518350
0.363812210087 0.944263518350 2.452269359776
1.724392061469 0.364349290234 0.366072421082
0.364349290234 2.555210791237 0.990845461199
0.366072421082 0.990845461199 2.524735610375
1.760200892689 0.379523993614 0.369680151237
0.379523993614 2.629838382098 1.027221302743
0.369680151237 1.027221302743 2.587031280788
1.790665656417 0.390906517720 0.373560008583
0.390906517720 2.689037745671 1.054993762550
0.373560008583 1.054993762550 2.638088565161
1.814798719517 0.399170929145 0.377043292615
0.399170929145 2.733866981264 1.075427090260
0.377043292615 1.075427090260 2.677626052514
1.832108265971 0.404796564753 0.379728102018
0.404796564753 2.765289341002 1.089447186044
0.379728102018 1.089447186044 2.705719573930
1.842306808343 0.408090125639 0.381376438616
0.408090125639 2.783991523411 1.097646987682
0.381376438616 1.097646987682 2.722497211811
1.845109542868 0.409200492744 0.381846224903
0.409200492744 2.790269849381 1.100288315955
0.381846224903 1.100288315955 2.727941150204
1.840105226123 0.408124778532 0.381054629756
0.408124778532 2.783970241874 1.097294367005
0.381054629756 1.097294367005 2.721779348589
1.826686839091 0.404704875512 0.378970749951
0.404704875512 2.764476610267 1.088229040432
0.378970749951 1.088229040432 2.703459008503
1.804037606164 0.398614063583 0.375638869706
0.398614063583 2.730753328591 1.072260845171
0.375638869706 1.072260845171 2.672207030652
1.771177400714 0.389333604155 0.371236928165
0.389333604155 2.681459309998 1.048111003768
0.371236928165 1.048111003768 2.627196862153
1.727082995364 0.376120279162 0.366176974151
0.376120279162 2.615161392672 1.013988668718
0.366176974151 1.013988668718 2.567852349174
1.670899861407 0.357968324715 0.361252960071
0.357968324715 2.530678897761 0.967522371222
0.361252960071 0.967522371222 2.494320710068
1.602258206357 0.333574135627 0.357832712018
0.333574135627 2.427581505060 0.905707689530
0.357832712018 0.905707689530 2.408127569076
1.521684782365 0.301320244830 0.358071169265
0.301320244830 2.306828346852 0.824907768756
0.358071169265 0.824907768756 2.312973059444
1.431058821561 0.259305915308 0.365088815726
0.259305915308 2.171468372878 0.720964080602
0.365088815726 0.720964080602 2.215529162412
1.333997338881 0.205461659006 0.383017770383
0.205461659006 2.027223981982 0.589491747659
0.383017770383 0.589491747659 2.125964425698
1.235992078204 0.137785812979 0.416787426549
0.137785812979 1.882683054842 0.426429776110
0.416787426549 0.426429776110 2.057804037203
1.144101118119 0.054720979068 0.471536317877
0.054720979068 1.748796552229 0.228868314706
0.471536317877 0.228868314706 2.026731570199
1.066075863245 -0.044361705764 0.551631843264
-0.044361705764 1.637502052433 -0.003931639564
0.551631843264 -0.003931639564 2.048166170515
1.008999670150 -0.158673399548 0.659454411380
-0.158673399548 1.559599194355 -0.269554661516
0.659454411380 -0.269554661516 2.133929916767
0.977766411504 -0.285674040623 0.794288346344
-0.285674040623 1.522394155353 -0.561820652030
0.794288346344 -0.561820652030 2.288883551277
0.973891989400 -0.421051431317 0.951734670781
-0.421051431317 1.527882499207 -0.870862254617
0.951734670781 -0.870862254617 2.508708017063
0.995092035093 -0.559080725879 1.123927812033
-0.559080725879 1.572140780614 -1.184007030034
1.123927812033 -1.184007030034 2.779749658742
1.035769935850 -0.693290309662 1.300535758831
-0.693290309662 1.646142507272 -1.487285151447
1.300535758831 -1.487285151447 3.081074572922
1.088200722599 -0.817243819932 1.470218264005
-0.817243819932 1.737654860481 -1.767151566024
1.470218264005 -1.767151566024 3.388019270113
1.143975208368 -0.925223515622 1.622085236259
-0.925223515622 1.833531571946 -2.011975701648
1.622085236259 -2.011975701648 3.676074144467
1.195280317634 -1.012671222879 1.746786856039
-1.012671222879 1.921740614926 -2.213011447446
1.746786856039 -2.213011447446 3.924075464353
1.235771919665 -1.076356355712 1.837085785090
-1.076356355712 1.992750274885 -2.364798897371
1.837085785090 -2.364798897371 4.116202371699
1.261007163032 -1.114333045954 1.887971367668
-1.114333045954 2.040225886791 -2.465135514498
1.887971367668 -2.465135514498 4.242814931824
1.268540432273 -1.125787913339 1.896489438675
-1.125787913339 2.061199997945 -2.514823321294
1.896489438675 -2.514823321294 4.300480680970
1.257824530110 -1.110870466918 1.861471599837
-1.110870466918 2.055931453972 -2.517362380317
1.861471599837 -2.517362380317 4.291579231079
1.230025576820 -1.070561767463 1.783293569761
-1.070561767463 2.027611070299 -2.478669408756
1.783293569761 -2.478669408756 4.223740565766
1.187800297476 -1.006595610399 1.663718020215
-1.006595610399 1.981973890723 -2.406804346272
1.663718020215 -2.406804346272 4.109185315264
1.135032039195 -0.921413663881 1.505812684009
-0.921413663881 1.926796561888 -2.311621894273
1.505812684009 -2.311621894273 3.963887693481
1.076495837144 -0.818117774200 1.313892926621
-0.818117774200 1.871224875159 -2.204248628617
1.313892926621 -2.204248628617 3.806426045933
1.017428914790 -0.700380680850 1.093423211847
-0.700380680850 1.824900901131 -2.096324931415
1.093423211847 -2.096324931415 3.656438035614
0.963016048699 -0.572289412022 0.850822740180
-0.572289412022 1.796930785064 -1.999034725112
0.850822740180 -1.999034725112 3.532738165328
0.917844238178 -0.438119164514 0.593151537730
-0.438119164514 1.794822957171 -1.922046341440
0.593151537730 -1.922046341440 3.451329457604
0.885416625985 -0.302061556078 0.327694069947
-0.302061556078 1.823589630653 -1.872562740618
0.327694069947 -1.872562740618 3.423669428058
0.867822039917 -0.167950184942 0.061494106144
-0.167950184942 1.885204709084 -1.854690031004
0.061494106144 -1.854690031004 3.455561869870
0.865626609110 -0.039031118872 -0.199085915799
-0.039031118872 1.978537830461 -1.869266564782
-0.199085915799 -1.869266564782 3.546917503308
0.877998085261 0.082185086778 -0.448711716930
0.082185086778 2.099762717770 -1.914174303262
-0.448711716930 -1.914174303262 3.692403108560
0.903014950954 0.193974644039 -0.683285046548
0.193974644039 2.243118107394 -1.985029378682
-0.683285046548 -1.985029378682 3.882772312603
0.938074222964 0.295362670974 -0.900001087711
0.295362670974 2.401828059353 -2.076068609037
-0.900001087711 -2.076068609037 4.106530301322
0.980305160445 0.386020146038 -1.097274590736
0.386020146038 2.568985145710 -2.181036005351
-1.097274590736 -2.181036005351 4.351569099704
1.026916642599 0.466125915011 -1.274573149568
0.466125915011 2.738252355621 -2.293918322260
-1.274573149568 -2.293918322260 4.606499455335
1.075439911581 0.536221384871 -1.432201555524
0.536221384871 2.904316181823 -2.409451498024
-1.432201555524 -2.409451498024 4.861543238692
1.123861128253 0.597077776347 -1.571075879943
0.597077776347 3.063093338725 -2.523389396726
-1.571075879943 -2.523389396726 5.108979359736
1.170660759506 0.649586837845 -1.692514961262
0.649586837845 3.211739029983 -2.632573665422
-1.692514961262 -2.632573665422 5.343222341463
1.214787053943 0.694678409909 -1.798064998335
0.694678409909 3.348522664444 -2.734864467372
-1.798064998335 -2.734864467372 5.560649044521
1.255591300372 0.733263237596 -1.889362950825
0.733263237596 3.472634099157 -2.828991981419
-1.889362950825 -2.828991981419 5.759286885869
1.292747401243 0.766196865677 -1.968037577933
0.766196865677 3.583969537633 -2.914376942252
-1.968037577933 -2.914376942252 5.938453515141
1.326171250737 0.794259680045 -2.035643108455
0.794259680045 3.682929272165 -2.990953092770
-2.035643108455 -2.990953092770 6.098408174837
1.355948855742 0.818148455558 -2.093619023698
0.818148455558 3.770244477964 -3.059010250860
-2.093619023698 -3.059010250860 6.240048104848
1.382277137489 0.838475559607 -2.143269422130
0.838475559607 3.846839262925 -3.119065965233
-2.143269422130 -3.119065965233 6.364663287337
1.405418072011 0.855772870630 -2.185756221656
0.855772870630 3.913727259427 -3.171766758283
-2.185756221656 -3.171766758283 6.473749974431
1.425664989479 0.870498304459 -2.222101552478
0.870498304459 3.971938414495 -3.217816091637
-2.222101552478 -3.217816091637 6.568876488687
1.443319038919 0.883043520157 -2.253195806483
0.883043520157 4.022470264248 -3.257924526242
-2.253195806483 -3.257924526242 6.651591949628
1.458673649026 0.893741889130 -2.279808789877
0.893741889130 4.066257960974 -3.292777242809
-2.279808789877 -3.292777242809 6.723368250128
1.472004984024 0.902876176807 -2.302602220255
0.902876176807 4.104157990155 -3.323014506504
-2.302602220255 -3.323014506504 6.785566585115
