2.622602267753 0.339837019509 5.061593392378
0.339837019509 3.349232269042 -0.430596131069
5.061593392378 -0.430596131069 19.660119260673
2.624059137571 0.341288914679 5.069700166053
0.341288914679 3.354029648147 -0.430954350801
5.069700166053 -0.430954350801 19.691388433242
2.625058866112 0.342262389890 5.075167431388
0.342262389890 3.357268595058 -0.431198016904
5.075167431388 -0.431198016904 19.712477959720
2.625580230042 0.342784940157 5.078081019414
0.342784940157 3.358992333506 -0.431326495631
5.078081019414 -0.431326495631 19.723715981147
2.625609771986 0.342870933575 5.078482504482
0.342870933575 3.359221147236 -0.431339097263
5.078482504482 -0.431339097263 19.725261188843
2.625140019736 0.342522317093 5.076369694946
0.342522317093 3.357952285875 -0.431234872480
5.076369694946 -0.431234872480 19.717104568681
2.624168768477 0.341728698243 5.071695983262
0.341728698243 3.355159459047 -0.431012511879
5.071695983262 -0.431012511879 19.699066847729
2.622699363032 0.340466809528 5.064368497104
0.340466809528 3.350791874241 -0.430670339974
5.064368497104 -0.430670339974 19.670791414268
2.620742024602 0.338699319362 5.054244963470
0.338699319362 3.344772780441 -0.430206407550
5.054244963470 -0.430206407550 19.631732377222
2.618316379879 0.336372908092 5.041129166057
0.336372908092 3.336997486590 -0.429618699577
5.041129166057 -0.429618699577 19.581137318975
2.615455481490 0.333415476259 5.024764844740
0.333415476259 3.327330835765 -0.428905491666
5.024764844740 -0.428905491666 19.518024186055
2.612211771343 0.329732290931 5.004827858247
0.329732290931 3.315604137972 -0.428065908149
5.004827858247 -0.428065908149 19.441151670563
2.608665648876 0.325200800515 4.980916413391
0.325200800515 3.301611604735 -0.427100761850
4.980916413391 -0.427100761850 19.348982386912
2.604937584491 0.319663754158 4.952539166419
0.319663754158 3.285106399051 -0.426013792639
4.952539166419 -0.426013792639 19.239638184820
2.601205088804 0.312920143736 4.919101040826
0.312920143736 3.265796532568 -0.424813473389
4.919101040826 -0.424813473389 19.110847127791
2.597726338539 0.304713340056 4.879886707295
0.304713340056 3.243341034589 -0.423515623686
4.879886707295 -0.423515623686 18.959882111812
2.594872898566 0.294715617818 4.834041875494
0.294715617818 3.217347123504 -0.422147171081
4.834041875494 -0.422147171081 18.783491963423
2.593174788427 0.282508058918 4.780552914082
0.282508058918 3.187369585991 -0.420751535919
4.780552914082 -0.420751535919 18.577827379865
2.593382118979 0.267554604944 4.718225930275
0.267554604944 3.152914289436 -0.419396299157
4.718225930275 -0.419396299157 18.338366600661
2.596548612358 0.249168833300 4.645667420911
0.249168833300 3.113448818134 -0.418184052150
4.645667420911 -0.418184052150 18.059849697620
2.604143341744 0.226471932988 4.561270100806
0.226471932988 3.068424751918 -0.417267626477
4.561270100806 -0.417267626477 17.736236427391
2.618197592690 0.198340500064 4.463209683978
0.198340500064 3.017318210473 -0.416871246871
4.463209683978 -0.416871246871 17.360711351486
2.641493081155 0.163343412628 4.349461367840
0.163343412628 2.959698017936 -0.417319490988
4.349461367840 -0.417319490988 16.925771892565
2.677794486522 0.119668596635 4.217848532894
0.119668596635 2.895334059337 -0.419076153702
4.217848532894 -0.419076153702 16.423450062378
2.732121138857 0.065043582343 4.066140344228
0.065043582343 2.824361529502 -0.422794950679
4.066140344228 -0.422794950679 15.845735186675
2.811036527068 -0.003340789240 3.892218433041
-0.003340789240 2.747518410316 -0.429383004243
3.892218433041 -0.429383004243 15.185278543304
2.922906245494 -0.088885430829 3.694333349827
-0.088885430829 2.666470866423 -0.440075510095
3.694333349827 -0.440075510095 14.436461942440
3.078032213469 -0.195586330234 3.471465064051
-0.195586330234 2.584229639072 -0.456514899868
3.471465064051 -0.456514899868 13.596884583958
3.288515419271 -0.327940514951 3.223782917590
-0.327940514951 2.505633473392 -0.480819194662
3.223782917590 -0.480819194662 12.669243133963
3.567644605625 -0.490695628352 2.953163650520
-0.490695628352 2.437826848317 -0.515611843604
2.953163650520 -0.515611843604 11.663426017919
3.928587833401 -0.688382049312 2.663670434193
-0.688382049312 2.390588262805 -0.563971182348
2.663670434193 -0.563971182348 10.598410036095
4.382234635082 -0.924591357826 2.361832429809
-0.924591357826 2.376287344379 -0.629248078477
2.361832429809 -0.629248078477 9.503281717967
4.934262261511 -1.201033244430 2.056524080551
-1.201033244430 2.409206049118 -0.714707145508
2.056524080551 -0.714707145508 8.416536568653
5.581899306840 -1.516518250390 1.758274478397
-1.516518250390 2.504019017320 -0.822984257096
1.758274478397 -0.822984257096 7.382941624186
6.311329200535 -1.866146016300 1.477980869704
-1.866146016300 2.673452519204 -0.955426872604
1.477980869704 -0.955426872604 6.447859441688
7.096945167229 -2.241053992959 1.225243389842
-2.241053992959 2.925517623814 -1.111475657530
1.225243389842 -1.111475657530 5.649976444288
7.903405532650 -2.629009059772 1.006776640258
-2.629009059772 3.261090816501 -1.288306570040
1.006776640258 -1.288306570040 5.014418330232
8.690525040143 -3.015869456869 0.825426842671
-3.015869456869 3.672738196442 -1.480922674786
0.825426842671 -1.480922674786 4.548573781322
9.419819584135 -3.387596451997 0.680131799241
-3.387596451997 4.145360741620 -1.682744883127
0.680131799241 -1.682744883127 4.242133451572
10.060704070319 -3.732245411491 0.566780025791
-3.732245411491 4.658563417839 -1.886557879755
0.566780025791 -1.886557879755 4.071180646582
10.594476911332 -4.041373715504 0.479577632316
-4.041373715504 5.189983754643 -2.085529978225
0.479577632316 -2.085529978225 4.004602765136
11.015229155512 -4.310563085654 0.412414079247
-4.310563085654 5.718536971179 -2.274022021388
0.412414079247 -2.274022021388 4.010518867611
11.328046546199 -4.539101746162 0.359852587568
-4.539101746162 6.226750055290 -2.448019094711
0.359852587568 -2.448019094711 4.060979720758
11.545660002335 -4.729119764871 0.317620456979
-4.729119764871 6.701855776425 -2.605176942839
0.317620456979 -2.605176942839 4.134313255958
11.684805364143 -4.884536115967 0.282680000475
-4.884536115967 7.135786738197 -2.744589220573
0.282680000475 -2.744589220573 4.215446743916
11.763176809345 -5.010096704824 0.253049183717
-5.010096704824 7.524459431251 -2.866419191507
0.253049183717 -2.866419191507 4.294980640258
11.797350360112 -5.110648960577 0.227530184009
-5.110648960577 7.866760952767 -2.971516729668
0.227530184009 -2.971516729668 4.367771060110
11.801661636117 -5.190682857103 0.205448341517
-5.190682857103 8.163542140662 -3.061093723581
0.205448341517 -3.061093723581 4.431533790103
11.787821448462 -5.254099475723 0.186447492369
-5.254099475723 8.416781414403 -3.136486101847
0.186447492369 -3.136486101847 4.485717593783
11.765007211721 -5.304142978549 0.170349721587
-5.304142978549 8.628972442803 -3.199000882900
0.170349721587 -3.199000882900 4.530706252740
11.740207291994 -5.343433898349 0.157069175985
-5.343433898349 8.802722358494 -3.249832284198
0.157069175985 -3.249832284198 4.567310277280
11.718662172511 -5.374055515504 0.146564421876
-5.374055515504 8.940518463304 -3.290027334862
0.146564421876 -3.290027334862 4.596475629588
11.704308827081 -5.397660928412 0.138815292175
-5.397660928412 9.044616208758 -3.320483531719
0.138815292175 -3.320483531719 4.619138313634
11.700181133721 -5.415581657256 0.133813810714
-5.415581657256 9.117007553530 -3.341965231147
0.133813810714 -3.341965231147 4.636168843386
11.708748845213 -5.428928025403 0.131562379948
-5.428928025403 9.159438788835 -3.355129676723
0.131562379948 -3.355129676723 4.648367693026
11.732194206623 -5.438677502955 0.132075176978
-5.438677502955 9.173456564467 -3.360556989065
0.132075176978 -3.360556989065 4.656487012615
11.772633075452 -5.445750540867 0.135380542993
-5.445750540867 9.160468573414 -3.358780906013
0.135380542993 -3.358780906013 4.661264037995
11.832289852062 -5.451075021250 0.141523258592
-5.451075021250 9.121810886319 -3.350318664750
0.141523258592 -3.350318664750 4.663458198202
11.913635052946 -5.455640951785 0.150566201085
-5.455640951785 9.058817539456 -3.335699354729
0.150566201085 -3.335699354729 4.663887829613
12.019492405094 -5.460546877020 0.162591168079
-5.460546877020 8.972890089484 -3.315490524603
0.162591168079 -3.315490524603 4.663464490283
12.153119693653 -5.467038932076 0.177698755786
-5.467038932076 8.865565842344 -3.290322940020
0.177698755786 -3.290322940020 4.663223770185
12.318264632221 -5.476542671232 0.196007182748
-5.476542671232 8.738583641800 -3.260913260415
0.196007182748 -3.260913260415 4.664351644791
12.519193890064 -5.490686838179 0.217649898216
-5.490686838179 8.593945676547 -3.228084095393
0.217649898216 -3.228084095393 4.668205091039
12.760690141996 -5.511317141928 0.242771735899
-5.511317141928 8.433972879291 -3.192780455700
0.242771735899 -3.192780455700 4.676325040604
13.048008622312 -5.540496888078 0.271523282906
-5.540496888078 8.261350257397 -3.156081061130
0.271523282906 -3.156081061130 4.690438890711
13.386781223095 -5.580490027198 0.304053040224
-5.580490027198 8.079157019567 -3.119202340799
0.304053040224 -3.119202340799 4.712448811101
13.782852832024 -5.633720890901 0.340496864156
-5.633720890901 7.890874780139 -3.083492305910
0.340496864156 -3.083492305910 4.744401069313
14.242031650827 -5.702703712988 0.380964110486
-5.702703712988 7.700365620112 -3.050410860486
0.380964110486 -3.050410860486 4.788430671118
14.769733161171 -5.789934167594 0.425519874560
-5.789934167594 7.511810626574 -3.021492642349
0.425519874560 -3.021492642349 4.846674960051
15.370496943556 -5.897734872006 0.474162762395
-5.897734872006 7.329599074801 -2.998288292779
0.474162762395 -2.998288292779 4.921149695541
16.047357738788 -6.028047467977 0.526797788531
-6.028047467977 7.158159105894 -2.982280315575
0.526797788531 -2.982280315575 5.013581879608
16.801058353529 -6.182165983103 0.583204347685
-6.182165983103 7.001723108034 -2.974770616175
0.583204347685 -2.974770616175 5.125195675688
17.629104023889 -6.360410256243 0.642999851277
-6.360410256243 6.864025592043 -2.976738645675
0.642999851277 -2.976738645675 5.256451713247
18.524677822303 -6.561744947094 0.705600691524
-6.561744947094 6.747938707959 -2.988672058204
0.705600691524 -2.988672058204 5.406746541222
19.475467036693 -6.783359737879 0.770183853784
-6.783359737879 6.655061127588 -3.010376151360
0.770183853784 -3.010376151360 5.574088655000
20.462493410742 -7.020240387848 0.835654887866
-7.020240387848 6.585290037036 -3.040774262683
0.835654887866 -3.040774262683 5.754780922795
21.459096764867 -7.264778567098 0.900631115897
-7.264778567098 6.536423190591 -3.077718750132
0.900631115897 -3.077718750132 5.943156454212
22.430289673252 -7.506490202986 0.963452675379
-7.506490202986 6.503857208726 -3.117840868001
0.963452675379 -3.117840868001 6.131434939951
23.332771883247 -7.731934889495 1.022237524591
-7.731934889495 6.480466755476 -3.156476796522
1.022237524591 -3.156476796522 6.309786033659
24.115947463065 -7.924947070272 1.074998300575
-7.924947070272 6.456761487462 -3.187714245823
1.074998300575 -3.187714245823 6.466698757766
24.724291080840 -8.067293236764 1.119836340166
-8.067293236764 6.421414887443 -3.204605868173
1.119836340166 -3.204605868173 6.589750080955
25.101314642976 -8.139844096495 1.155217961807
-8.139844096495 6.362229398801 -3.199587056982
1.155217961807 -3.199587056982 6.666826998774
25.195142750344 -8.124281390724 1.180317496036
-8.124281390724 6.267533982733 -3.165110945626
1.180317496036 -3.165110945626 6.687770917326
24.965293768507 -8.005237760651 1.195380779940
-8.005237760651 6.127899370585 -3.094469174392
1.195380779940 -3.094469174392 6.646278160954
24.389731856901 -7.772606449108 1.202028272322
-7.772606449108 5.937917593536 -2.982706664913
1.202028272322 -2.982706664913 6.541727967848
23.470758603121 -7.423598217942 1.203392851219
-7.423598217942 5.697667842421 -2.827476692151
1.203392851219 -2.827476692151 6.380475507949
22.238097886983 -6.964037331324 1.203992857854
-6.964037331324 5.413445207442 -2.629644551299
1.203992857854 -2.629644551299 6.176123931567
20.747836631724 -6.408451814743 1.209290308155
-6.408451814743 5.097423489301 -2.393462320118
1.209290308155 -2.393462320118 5.948446571992
19.076790556654 -5.778756718890 1.224973399489
-5.778756718890 4.766171827623 -2.126217915375
1.224973399489 -2.126217915375 5.720971374028
17.313139765026 -5.101698668306 1.256102027768
-5.101698668306 4.438280527502 -1.837393302672
1.256102027768 -1.837393302672 5.517663220507
15.545328534960 -4.405589033059 1.306319452560
-4.405589033059 4.131639542545 -1.537502863710
1.306319452560 -1.537502863710 5.359466482420
13.851727680670 -3.717046678388 1.377326290177
-3.717046678388 3.861019147353 -1.236866897286
1.377326290177 -1.236866897286 5.261536686906
12.293186004521 -3.058416285993 1.468732703757
-3.058416285993 3.636475199062 -0.944572267720
1.468732703757 -0.944572267720 5.231755129037
10.909554331614 -2.446263449694 1.578287084096
-2.446263449694 3.462807180872 -0.667789746971
1.578287084096 -0.667789746971 5.270695572869
9.720051405185 -1.891004565428 1.702376871951
-1.891004565428 3.339975758569 -0.411498319987
1.702376871951 -0.411498319987 5.372792848688
8.726442492258 -1.397449413478 1.836647092945
-1.397449413478 3.264165724828 -0.178561149720
1.836647092945 -0.178561149720 5.528210004994
7.917651129504 -0.965896551920 1.976590928565
-0.965896551920 3.229113276513 0.029962060669
1.976590928565 0.029962060669 5.724864639573
7.274563419125 -0.593424739103 2.118014318357
-0.593424739103 3.227377980295 0.214391718604
2.118014318357 0.214391718604 5.950202747400
6.774190684200 -0.275114552233 2.257334702586
-0.275114552233 3.251363741438 0.375995214339
2.257334702586 0.375995214339 6.192501532272
6.392802738366 -0.005051198757 2.391720996987
-0.005051198757 3.294017387514 0.516607547579
2.391720996987 0.516607547579 6.441657234232
6.107989499968 0.222940737977 2.519108882582
0.222940737977 3.349222744120 0.638334005692
2.519108882582 0.638334005692 6.689528168625
5.899809638767 0.414814661938 2.638133937893
0.414814661938 3.411954432230 0.743338034785
2.638133937893 0.743338034785 6.929953240213
5.751261510728 0.576023676232 2.748021324476
0.576023676232 3.478267775063 0.833703368168
2.748021324476 0.833703368168 7.158569405893
5.648307767076 0.711390958272 2.848461283920
0.711390958272 3.545193008818 0.911354036235
2.848461283920 0.911354036235 7.372529627032
5.579642264606 0.825078552367 2.939489367950
0.825078552367 3.610585406791 0.978015790733
2.939489367950 0.978015790733 7.570192920377
5.536334900626 0.920615137980 3.021381623402
0.920615137980 3.672965615889 1.035204982980
3.021381623402 1.035204982980 7.750830302589
5.511442122122 1.000954692201 3.094568721555
1.000954692201 3.731370171467 1.084234230218
3.094568721555 1.084234230218 7.914368979663
5.499633946330 1.068547616287 3.159569124315
1.068547616287 3.785221848103 1.126227316686
3.159569124315 1.126227316686 8.061182659806
5.496862792003 1.125413168377 3.216939291397
1.125413168377 3.834222879942 1.162138309544
3.216939291397 1.162138309544 8.191927238600
5.500083297122 1.173207080263 3.267238069519
1.173207080263 3.878270288977 1.192771752556
3.267238069519 1.192771752556 8.307416695414
5.507023042233 1.213281487701 3.311002278994
1.213281487701 3.917390698804 1.218802110610
3.311002278994 1.218802110610 8.408532353747
5.515999417655 1.246736264585 3.348730775023
1.246736264585 3.951691352121 1.240791501779
3.348730775023 1.240791501779 8.496158549567
5.525776011643 1.274461942074 3.380874684934
1.274461942074 3.981324066053 1.259205294456
3.380874684934 1.259205294456 8.571138440527
5.535451637157 1.297174930888 3.407831977873
1.297174930888 4.006459206541 1.274425466858
3.407831977873 1.274425466858 8.634244691791
5.544375673824 1.315445969032 3.429944942955
1.315445969032 4.027267234671 1.286761801038
3.429944942955 1.286761801038 8.686160819148
5.552084308375 1.329722732672 3.447499507917
1.329722732672 4.043905860555 1.296461066974
3.447499507917 1.296461066974 8.727469922587
5.558253249321 1.340347464884 3.460725617313
1.340347464884 4.056511279460 1.303714380190
3.460725617313 1.303714380190 8.758648350919
5.562663438940 1.347570348859 3.469798112848
1.347570348859 4.065192340287 1.308662911950
3.469798112848 1.308662911950 8.780062493599
5.565177134197 1.351559208399 3.474837729043
1.351559208399 4.070026807023 1.311402108676
3.474837729043 1.311402108676 8.791967415069
5.565722468672 1.352405974020 3.475911946543
1.352405974020 4.071059127687 1.311984545637
3.475911946543 1.311984545637 8.794506455004
5.564285253338 1.350130213554 3.473035544364
1.350130213554 4.068299334946 1.310421503821
3.473035544364 1.310421503821 8.787711242485
5.560907350267 1.344679892828 3.466170771465
1.344679892828 4.061722881594 1.306683321093
3.466170771465 1.306683321093 8.771501840619
5.555691490198 1.335929402733 3.455227126541
1.335929402733 4.051271376529 1.300698530190
3.455227126541 1.300698530190 8.745686976622
5.548812934637 1.323674760611 3.440060801698
1.323674760611 4.036854346279 1.292351757644
3.440060801698 1.292351757644 8.709964545598
5.540538938724 1.307625762738 3.420473919253
1.307625762738 4.018352317501 1.281480319537
3.420473919253 1.281480319537 8.663922829110
5.531257584683 1.287394727706 3.396213780276
1.287394727706 3.995621710967 1.267869412831
3.396213780276 1.267869412831 8.607043167401
5.521518257350 1.262481326194 3.366972458315
1.262481326194 3.968502271608 1.251245766388
3.366972458315 1.251245766388 8.538705193477
5.512086846381 1.232252842576 3.332387222540
1.232252842576 3.936828045675 1.231269586554
3.332387222540 1.231269586554 8.458196205858
