1.169426698537 -0.265706376736 -0.356872634731
-0.265706376736 65.649823810175 13.212017261671
-0.356872634731 13.212017261671 6.430165006390
1.166207679490 -0.265971776722 -0.354934549625
-0.265971776722 65.357100059646 13.150538834000
-0.354934549625 13.150538834000 6.400387928927
1.162543163987 -0.266377593527 -0.352628826845
-0.266377593527 65.012213183823 13.077940107513
-0.352628826845 13.077940107513 6.365233589099
1.158451522290 -0.266981293772 -0.349909974700
-0.266981293772 64.610205800129 12.993086123952
-0.349909974700 12.993086123952 6.324157306676
1.153970142680 -0.267860385506 -0.346723232353
-0.267860385506 64.145421627787 12.894660775224
-0.346723232353 12.894660775224 6.276528506889
1.149165152202 -0.269119299847 -0.343003055778
-0.269119299847 63.611526078777 12.781158909404
-0.343003055778 12.781158909404 6.221627553078
1.144145007678 -0.270898665662 -0.338671333462
-0.270898665662 63.001574022763 12.650884031141
-0.338671333462 12.650884031141 6.158645520610
1.139079364672 -0.273387764864 -0.333635312991
-0.273387764864 62.308151192727 12.501955718023
-0.333635312991 12.501955718023 6.086688985493
1.134225067337 -0.276841179687 -0.327785232672
-0.276841179687 61.523626092250 12.332332644466
-0.327785232672 12.332332644466 6.004792780615
1.129961613020 -0.281600896735 -0.320991676637
-0.281600896735 60.640562521179 12.139859418676
-0.320991676637 12.139859418676 5.911944818547
1.126838993970 -0.288125388627 -0.313102713237
-0.288125388627 59.652358855577 11.922348323561
-0.313102713237 11.922348323561 5.807128503085
1.125641309044 -0.297027392473 -0.303940942843
-0.297027392473 58.554197987598 11.677710404602
-0.303940942843 11.677710404602 5.689389895713
1.127469776788 -0.309122128546 -0.293300682790
-0.309122128546 57.344408595408 11.404153798998
-0.293300682790 11.404153798998 5.557938478539
1.133848415797 -0.325487347825 -0.280945666123
-0.325487347825 56.026348422626 11.100469914543
-0.280945666123 11.100469914543 5.412291636995
1.146854108765 -0.347535534619 -0.266607839100
-0.347535534619 54.610913091847 10.766428456861
-0.266607839100 10.766428456861 5.252473072933
1.169269164052 -0.377096338393 -0.249988117467
-0.377096338393 53.119732821181 10.403297713890
-0.249988117467 10.403297713890 5.079272918016
1.204747683777 -0.416503247158 -0.230760297001
-0.416503247158 51.589020095517 10.014492999481
-0.230760297001 10.014492999481 4.894570380398
1.257975803841 -0.468672006037 -0.208579673767
-0.468672006037 50.073844472422 9.606328735951
-0.208579673767 9.606328735951 4.701705840861
1.334789425273 -0.537149004582 -0.183098225747
-0.537149004582 48.652310369112 9.188803493383
-0.183098225747 9.188803493383 4.505866047663
1.442192250403 -0.626096439364 -0.153988272462
-0.626096439364 47.428697417451 8.776280764616
-0.153988272462 8.776280764616 4.314412709837
1.588195979099 -0.740170073990 -0.120976099420
-0.740170073990 46.534145631914 8.387848219086
-0.120976099420 8.387848219086 4.137044937709
1.781392887124 -0.884240387845 -0.083885773572
-0.884240387845 46.123082884223 8.047066898529
-0.083885773572 8.047066898529 3.985650943365
2.030183988340 -1.062917480231 -0.042690983538
-1.062917480231 46.363576220687 7.780801536283
-0.042690983538 7.780801536283 3.873695499634
2.341641162334 -1.279873905599 0.002430817847
-1.279873905599 47.420495924064 7.616910742183
0.002430817847 7.616910742183 3.815035341689
2.720088750943 -1.537022379732 0.051051843210
-1.537022379732 49.432076953979 7.580818075564
0.051051843210 7.580818075564 3.822178158029
3.165635366474 -1.833687987375 0.102468168581
-1.833687987375 52.483032024515 7.691374158785
0.102468168581 7.691374158785 3.904197376813
3.673020383353 -2.165987844954 0.155708255726
-2.165987844954 56.580052787155 7.956849165359
0.155708255726 7.956849165359 4.064730030813
4.231183978557 -2.526650637144 0.209584799604
-2.526650637144 61.636973894083 8.372160316331
0.209584799604 8.372160316331 4.300615456943
4.823857232498 -2.905436968393 0.262789131336
-2.905436968393 67.475730862532 8.918327187747
0.262789131336 8.918327187747 4.601671525988
5.431198318547 -3.290160927787 0.314014945392
-3.290160927787 73.845192713186 9.564587832981
0.314014945392 9.564587832981 4.951818345215
6.032166115505 -3.668120027882 0.362087892891
-3.668120027882 80.454330343135 10.272779591198
0.362087892891 10.272779591198 5.331338927738
6.607075896951 -4.027602891945 0.406074490968
-4.027602891945 87.011518444610 11.002860557194
0.406074490968 11.002860557194 5.719700262687
7.139742315969 -4.359128664729 0.445349658602
-4.359128664729 93.260278529243 11.718164362804
0.445349658602 11.718164362804 6.098219399035
7.618791733514 -4.656181341217 0.479614424470
-4.656181341217 99.003939145178 12.389239479624
0.479614424470 12.389239479624 6.451994961297
8.038018118532 -4.915375378264 0.508868574067
-4.915375378264 104.116092259303 12.995735249546
0.508868574067 12.995735249546 6.770837297003
8.395926296193 -5.136145610004 0.533352227568
-5.136145610004 108.538135104663 13.526438640198
0.533352227568 13.526438640198 7.049256582974
8.694759633578 -5.320141302076 0.553473392405
-5.320141302076 112.267952427561 13.977988402597
0.553473392405 13.977988402597 7.285781435650
8.939330283219 -5.470513306450 0.569736285607
-5.470513306450 115.344486097611 14.352921377976
0.569736285607 14.352921377976 7.481943528745
9.135900119436 -5.591239837515 0.582680172758
-5.591239837515 117.832104903555 14.657608775555
0.582680172758 14.657608775555 7.641212573231
9.291256976370 -5.686574317320 0.592833100210
-5.686574317320 119.807207641672 14.900441762018
0.592833100210 14.900441762018 7.768063850493
9.412037063264 -5.760643258390 0.600680726426
-5.760643258390 121.348071803967 15.090427829783
0.600680726426 15.090427829783 7.867259251351
9.504280273743 -5.817184550009 0.606647958979
-5.817184550009 122.527945973772 15.236214631180
0.606647958979 15.236214631180 7.943348985992
9.573171828161 -5.859397277203 0.611090060094
-5.859397277203 123.410828310441 15.345476232136
0.611090060094 15.345476232136 8.000359663802
9.622913488091 -5.889868573100 0.614289812838
-5.889868573100 124.049173819096 15.424565142601
0.614289812838 15.424565142601 8.041618583130
9.656670908909 -5.910545291131 0.616457773503
-5.910545291131 124.482789708593 15.478333006839
0.616457773503 15.478333006839 8.069664054269
9.676552991384 -5.922724021094 0.617733239284
-5.922724021094 124.738296026108 15.510037469952
0.617733239284 15.510037469952 8.086199210546
9.683589784052 -5.927039492202 0.618184149096
-5.927039492202 124.828676123318 15.521272341378
0.618184149096 15.521272341378 8.092056867598
9.677685630362 -5.923437606211 0.617804642964
-5.923437606211 124.752585938049 15.511878116635
0.617804642964 15.511878116635 8.087153208220
9.657533822841 -5.911125275716 0.616509447937
-5.911125275716 124.493229228999 15.479809695168
0.616509447937 15.479809695168 8.070418146969
9.620489330811 -5.888495770585 0.614124708113
-5.888495770585 124.016754553788 15.420960148235
0.614124708113 15.420960148235 8.039701389759
9.562409485750 -5.853036861374 0.610375448334
-5.853036861374 123.270319871429 15.328968097175
0.610375448334 15.328968097175 7.991667715453
9.477491764193 -5.801241550493 0.604870705845
-5.801241550493 122.180242074047 15.195077308307
0.604870705845 15.195077308307 7.921715752455
9.358165919621 -5.728559407458 0.597088651387
-5.728559407458 120.651040287959 15.008175609978
0.597088651387 15.008175609978 7.823984143535
9.195135966680 -5.629451121832 0.586365891490
-5.629451121832 118.566707019972 14.755216693213
0.586365891490 14.755216693213 7.691547854954
8.977712164638 -5.497637043717 0.571897594590
-5.497637043717 115.796139074382 14.422310489543
0.571897594590 14.422310489543 7.516949508219
8.694609770096 -5.326652164311 0.552757755218
-5.326652164311 112.205114319353 13.996817676016
0.552757755218 13.996817676016 7.293237197196
8.335388421815 -5.110813774199 0.527950783793
-5.110813774199 107.677050465746 13.470724640685
0.527950783793 13.470724640685 7.015653010967
7.892613748362 -4.846640725650 0.496504755988
-4.846640725650 102.143317141507 12.845293869425
0.496504755988 12.845293869425 6.683978666794
7.364589534310 -4.534601826411 0.457610429127
-4.534601826411 95.620391844130 12.136381254759
0.457610429127 12.136381254759 6.305245312208
6.758129168336 -4.180815968496 0.410796398405
-4.180815968496 88.245682596225 11.378925152208
0.410796398405 11.378925152208 5.896070788800
6.090422434304 -3.798060993084 0.356110479316
-3.798060993084 80.298189295077 10.628290065664
0.356110479316 10.628290065664 5.483469803149
5.388876453489 -3.405358325123 0.294257470822
-3.405358325123 72.188362157945 9.956092058246
0.294257470822 9.956092058246 5.102938181483
4.688185030325 -3.025696391675 0.226636638227
-3.025696391675 64.408039283083 9.439550486872
0.226636638227 9.439550486872 4.793297150692
4.024889482237 -2.682172271127 0.155240628113
-2.682172271127 57.446867663257 9.146247358033
0.155240628113 9.146247358033 4.589181388584
3.430919004238 -2.393655264510 0.082421087259
-2.393655264510 51.699297593628 9.119056972134
0.082421087259 9.119056972134 4.513495745683
2.928259861790 -2.171463336722 0.010576596621
-2.171463336722 47.394319783520 9.366853047382
0.010576596621 9.366853047382 4.572620157543
2.526463753448 -2.018151358341 -0.058152117826
-2.018151358341 44.571317748214 9.864376629926
-0.058152117826 9.864376629926 4.756083951692
2.223405748937 -1.928553947085 -0.122103078066
-1.928553947085 43.104567908513 10.560586538110
-0.122103078066 10.560586538110 5.040444799793
2.008387882245 -1.892324038258 -0.180192121428
-1.892324038258 42.759503953538 11.391509295966
-0.180192121428 11.391509295966 5.395464289039
1.866084362755 -1.896855354544 -0.231897200566
-1.896855354544 43.256491335816 12.292820556539
-0.231897200566 12.292820556539 5.790251081037
1.780039957837 -1.929702145487 -0.277164581730
-1.929702145487 44.323009275970 13.208884842014
-0.277164581730 13.208884842014 6.197745522433
1.735064888798 -1.980098648455 -0.316280895592
-1.980098648455 45.725886762810 14.097254988746
-0.316280895592 14.097254988746 6.597021493212
1.718463610082 -2.039606677557 -0.349746082069
-2.039606677557 47.284483288049 14.929353522374
-0.349746082069 14.929353522374 6.973727316410
1.720369165060 -2.102138417048 -0.378167458367
-2.102138417048 48.870371947560 15.688767107264
-0.378167458367 15.688767107264 7.319345640499
1.733538290074 -2.163635823085 -0.402182011343
-2.163635823085 50.399732022096 16.368512350487
-0.402182011343 16.368512350487 7.629927962760
1.752902494030 -2.221625007965 -0.422405590683
-2.221625007965 51.823215267794 16.968210512301
-0.422405590683 16.968210512301 7.904761705865
1.775066834366 -2.274778009086 -0.439403766462
-2.274778009086 53.116140389150 17.491663985745
-0.439403766462 17.491663985745 8.145214461329
1.797856512961 -2.322543852108 -0.453678250867
-2.322543852108 54.270322303671 17.945002751853
-0.453678250867 17.945002751853 8.353842580988
1.819949426154 -2.364865888682 -0.465663491175
-2.364865888682 55.287865944745 18.335383537322
-0.465663491175 18.335383537322 8.533760325074
1.840598257165 -2.401979203215 -0.475729296984
-2.401979203215 56.176757090026 18.670143869480
-0.475729296984 18.670143869480 8.688225463256
1.859430154031 -2.434272926162 -0.484186616460
-2.434272926162 56.947896506058 18.956295181781
-0.484186616460 18.956295181781 8.820387361726
1.876307442162 -2.462201046010 -0.491294598345
-2.462201046010 57.613204337741 19.200251068287
-0.491294598345 19.200251068287 8.933148532944
1.891233547902 -2.486227462252 -0.497267823029
-2.486227462252 58.184474425265 19.407708965454
-0.497267823029 19.407708965454 9.029100790524
1.904291056504 -2.506794166200 -0.502283091238
-2.506794166200 58.672730871601 19.583625977750
-0.502283091238 19.583625977750 9.110507650523
1.915601922395 -2.524304445960 -0.506485480157
-2.524304445960 59.087907452255 19.732248271273
-0.506485480157 19.732248271273 9.179313459321
1.925302581943 -2.539115472762 -0.509993569091
-2.539115472762 59.438725742906 19.857167557686
-0.509993569091 19.857167557686 9.237166432015
1.933528879226 -2.551536475048 -0.512903844049
-2.551536475048 59.732689095944 19.961388148828
-0.512903844049 19.961388148828 9.285447544906
1.940407318591 -2.561830023680 -0.515294344297
-2.561830023680 59.976138803006 20.047394768154
-0.515294344297 20.047394768154 9.325300446682
1.946050300675 -2.570214854434 -0.517227635596
-2.570214854434 60.174338686241 20.117215643411
-0.517227635596 20.117215643411 9.357659647931
1.950553790689 -2.576869254749 -0.518753198164
-2.576869254749 60.331567521903 20.172478103296
-0.518753198164 20.172478103296 9.383275560419
1.953996405955 -2.581934431190 -0.519909311020
-2.581934431190 60.451207166541 20.214455504350
-0.519909311020 20.214455504350 9.402735744263
1.956439269820 -2.585517520183 -0.520724503280
-2.585517520183 60.535819551010 20.244105207595
-0.520724503280 20.244105207595 9.416482165832
1.957926217574 -2.587694055534 -0.521218630123
-2.587694055534 60.587208909618 20.262097768647
-0.521218630123 20.262097768647 9.424824496659
