0.618509251904 0.321096746296 -0.432436112099
0.321096746296 5.703836752285 1.872548698234
-0.432436112099 1.872548698234 8.052985112984
0.617420201991 0.320287769164 -0.431393024839
0.320287769164 5.690675651121 1.868221733921
-0.431393024839 1.868221733921 8.034546410249
0.616022978284 0.319216967671 -0.430016418245
0.319216967671 5.673368457477 1.862530885381
-0.430016418245 1.862530885381 8.010313299885
0.614279427459 0.317818881067 -0.428226795533
0.317818881067 5.650978905629 1.855167598796
-0.428226795533 1.855167598796 7.978990633879
0.612151582457 0.316002414297 -0.425914995625
0.316002414297 5.622243008863 1.845715054542
-0.425914995625 1.845715054542 7.938835596625
0.609612900349 0.313640637032 -0.422931486460
0.313640637032 5.585467402249 1.833614373711
-0.422931486460 1.833614373711 7.887523549375
0.606671308840 0.310555624184 -0.419071069320
0.310555624184 5.538394599076 1.818119668883
-0.419071069320 1.818119668883 7.821973630139
0.603414759870 0.306495754533 -0.414051042518
0.306495754533 5.478029616349 1.798239901009
-0.414051042518 1.798239901009 7.738131019686
0.600098991584 0.301101443952 -0.407480073306
0.301101443952 5.400427138028 1.772666884557
-0.407480073306 1.772666884557 7.630712988190
0.597313171440 0.293853112582 -0.398814037775
0.293853112582 5.300451566357 1.739692820403
-0.398814037775 1.739692820403 7.492950511434
0.596286251969 0.283992095063 -0.387294094913
0.283992095063 5.171552513745 1.697130165063
-0.387294094913 1.697130165063 7.316409811226
0.599439615002 0.270401428355 -0.371861908870
0.270401428355 5.005659658540 1.642266034109
-0.371861908870 1.642266034109 7.091079732653
0.611348945263 0.251430672962 -0.351048978257
0.251430672962 4.793412242180 1.571918878880
-0.351048978257 1.571918878880 6.806086571016
0.640326634786 0.224652832244 -0.322845597761
0.224652832244 4.525111526405 1.482721116410
-0.322845597761 1.482721116410 6.451653620874
0.700787977417 0.186566742755 -0.284578397590
0.186566742755 4.192982249821 1.371817102188
-0.284578397590 1.371817102188 6.023170801526
0.816201417665 0.132334634420 -0.232876775714
0.132334634420 3.795368415843 1.238185059906
-0.232876775714 1.238185059906 5.528138469839
1.021374712656 0.055810087668 -0.163897295508
0.055810087668 3.342907887013 1.084619480860
-0.163897295508 1.084619480860 4.995514724887
1.360888622284 -0.049644965983 -0.074072210907
-0.049644965983 2.864862260955 0.919832524505
-0.074072210907 0.919832524505 4.483635744884
1.878737544281 -0.188949479612 0.038383587265
-0.188949479612 2.410661935440 0.759144064518
0.038383587265 0.759144064518 4.077910453836
2.596418355881 -0.361665260723 0.171394321482
-0.361665260723 2.040089068879 0.621659361217
0.171394321482 0.621659361217 3.868212767456
3.486889766233 -0.558530225743 0.317447842065
-0.558530225743 1.800854376589 0.523404572440
0.317447842065 0.523404572440 3.907471232786
4.464583204085 -0.761308897900 0.464200766973
-0.761308897900 1.705229936178 0.469884809060
0.464200766973 0.469884809060 4.175857296127
5.408193019903 -0.947845292032 0.597927646301
-0.947845292032 1.724414353115 0.453864936964
0.597927646301 0.453864936964 4.582936144581
6.206255118901 -1.099844779712 0.708067667736
-1.099844779712 1.806265158453 0.460363009830
0.708067667736 0.460363009830 5.011059458896
6.793888437043 -1.208211605008 0.789980729222
-1.208211605008 1.901187392939 0.474429148721
0.789980729222 0.474429148721 5.365912161413
7.159973126964 -1.273234892188 0.844673022495
-1.273234892188 1.977766439049 0.486079981929
0.844673022495 0.486079981929 5.600554628955
7.330823466331 -1.301203091858 0.876602075653
-1.301203091858 2.023793989823 0.490891804013
0.876602075653 0.490891804013 5.709761069539
7.348275079379 -1.300514984154 0.891335947286
-1.300514984154 2.039598779452 0.488205882927
0.891335947286 0.488205882927 5.711668142111
7.253999060746 -1.279084486682 0.894037199713
-1.279084486682 2.030986613608 0.479114486048
0.894037199713 0.479114486048 5.631607877193
7.082225431131 -1.243235973826 0.888835522946
-1.243235973826 2.004781241709 0.465152578526
0.888835522946 0.465152578526 5.493051615068
6.858272672382 -1.197570221754 0.878767433476
-1.197570221754 1.966862916104 0.447699308919
0.878767433476 0.447699308919 5.314389494568
6.599815803060 -1.145262414418 0.865965071427
-1.145262414418 1.921689701265 0.427809891739
0.865965071427 0.427809891739 5.108860864551
6.318915576786 -1.088461019518 0.851900535099
-1.088461019518 1.872458332099 0.406238480456
0.851900535099 0.406238480456 4.885658081343
6.023888891028 -1.028639936804 0.837599549353
-1.028639936804 1.821437608755 0.383517566825
0.837599549353 0.383517566825 4.651187451389
5.720730113381 -0.966861695038 0.823799746582
-0.966861695038 1.770277033037 0.360036101690
0.823799746582 0.360036101690 4.410102627426
5.414078083093 -0.903955637947 0.811055977233
-0.903955637947 1.720232913589 0.336098510128
0.811055977233 0.336098510128 4.166033835847
5.107818306633 -0.840629395372 0.799803722480
-0.840629395372 1.672311605367 0.311963370216
0.799803722480 0.311963370216 3.922052705576
4.805420913147 -0.777532639325 0.790392356649
-0.777532639325 1.627347075378 0.287865685971
0.790392356649 0.287865685971 3.680939754902
4.510097586085 -0.715288408912 0.783098081522
-0.715288408912 1.586031600530 0.264027242957
0.783098081522 0.264027242957 3.445315662266
4.224838854928 -0.654503073285 0.778124140810
-0.654503073285 1.548915244585 0.240658665551
0.778124140810 0.240658665551 3.217683400188
3.952375206668 -0.595762619940 0.775594218469
-0.595762619940 1.516386209362 0.217955751724
0.775594218469 0.217955751724 3.000415537465
3.695093175178 -0.539620639843 0.775543867878
-0.539620639843 1.488641547949 0.196091838044
0.775543867878 0.196091838044 2.795711989103
3.454930115358 -0.486581962670 0.777914293093
-0.486581962670 1.465656189749 0.175207400514
0.777914293093 0.175207400514 2.605548020409
3.233267291485 -0.437085100191 0.782552606606
-0.437085100191 1.447157467435 0.155397772138
0.782552606606 0.155397772138 2.431629341904
3.030838716078 -0.391486215028 0.789222597051
-0.391486215028 1.432611962241 0.136699683880
0.789222597051 0.136699683880 2.275369465126
2.847671604111 -0.350047022236 0.797629829319
-0.350047022236 1.421231116369 0.119077255954
0.797629829319 0.119077255954 2.137903013096
2.683072388464 -0.312928683448 0.807464341453
-0.312928683448 1.412001365653 0.102408053292
0.807464341453 0.102408053292 2.020146430391
2.535669304620 -0.280193254591 0.818463066922
-0.280193254591 1.403743238847 0.086469875726
0.818463066922 0.086469875726 1.922913711826
2.403518200533 -0.251813537349 0.830492167312
-0.251813537349 1.395201717833 0.070929110278
0.830492167312 0.070929110278 1.847088726178
2.284272308883 -0.227691248425 0.843646501736
-0.227691248425 1.385166972949 0.055331776252
0.843646501736 0.055331776252 1.793847019299
2.175409297846 -0.207682289603 0.858359359633
-0.207682289603 1.372620275889 0.039098882632
0.858359359633 0.039098882632 1.764908529621
2.074500284567 -0.191626648843 0.875510410695
-0.191626648843 1.356894495423 0.021528388449
0.875510410695 0.021528388449 1.762788886369
1.979496252264 -0.179379211910 0.896514015096
-0.179379211910 1.337832427810 0.001806818224
0.896514015096 0.001806818224 1.791002261879
1.888998525239 -0.170836703820 0.923364599308
-0.170836703820 1.315920100241 -0.020965789597
0.923364599308 -0.020965789597 1.854155855966
1.802473344532 -0.165955376681 0.958612473946
-0.165955376681 1.292367544423 -0.047733814363
0.958612473946 -0.047733814363 1.957869400653
1.720368568572 -0.164754250715 1.005244640077
-0.164754250715 1.269108451306 -0.079423983082
1.005244640077 -0.079423983082 2.108458382909
1.644095893162 -0.167300038647 1.066453340463
-0.167300038647 1.248694984529 -0.116862809189
1.066453340463 -0.116862809189 2.312342879679
1.575857014407 -0.173672545946 1.145291996376
-0.173672545946 1.234076725271 -0.160677133914
1.145291996376 -0.160677133914 2.575188340707
1.518317144900 -0.183913212458 1.244242997169
-0.183913212458 1.228273330980 -0.211186761178
1.244242997169 -0.211186761178 2.900847646362
1.474161063478 -0.197963905645 1.364750226979
-0.197963905645 1.233976075136 -0.268303719924
1.364750226979 -0.268303719924 3.290243679746
1.445598202482 -0.215606925469 1.506793185095
-0.215606925469 1.253137658682 -0.331456502934
1.506793185095 -0.331456502934 3.740388083355
1.433904214673 -0.236419014168 1.668589346382
-0.236419014168 1.286624137000 -0.399557682001
1.668589346382 -0.399557682001 4.243750884112
1.439087885115 -0.259750860371 1.846499520036
-0.259750860371 1.334000135476 -0.471028303259
1.846499520036 -0.471028303259 4.788159716400
1.459750313264 -0.284738951691 2.035176475056
-0.284738951691 1.393496224257 -0.543882785889
2.035176475056 -0.543882785889 5.357315840214
1.493162408499 -0.310349720242 2.227947800414
-0.310349720242 1.462170057913 -0.615865982885
2.227947800414 -0.615865982885 5.931888152279
1.535538886428 -0.335448789779 2.417374364561
-0.335448789779 1.536231542554 -0.684623185048
2.417374364561 -0.684623185048 6.491023114506
1.582446971442 -0.358883001885 2.595891293595
-0.358883001885 1.611469689933 -0.747877566949
2.595891293595 -0.747877566949 7.014026447099
1.629267341152 -0.379561237360 2.756428909234
-0.379561237360 1.683704252841 -0.803589667292
2.756428909234 -0.803589667292 7.481954861361
1.671627070494 -0.396521992588 2.892926920393
-0.396521992588 1.749190870980 -0.850079437078
2.892926920393 -0.850079437078 7.878902205605
1.705744794759 -0.408980122124 3.000688158459
-0.408980122124 1.804929349263 -0.886100768369
3.000688158459 -0.886100768369 8.192852093462
1.728657445328 -0.416350416476 3.076556094212
-0.416350416476 1.848851965593 -0.910868144383
3.076556094212 -0.910868144383 8.416066939429
1.738325889502 -0.418250193402 3.118932378084
-0.418250193402 1.879893701767 -0.924042607022
3.118932378084 -0.924042607022 8.545063953023
1.733637016377 -0.414485930374 3.127670521888
-0.414485930374 1.897963514566 -0.925688382958
3.127670521888 -0.925688382958 8.580277077981
1.714330005894 -0.405029986389 3.103888705713
-0.405029986389 1.903843704605 -0.916212309718
3.103888705713 -0.916212309718 8.525518706720
1.680875959181 -0.389993023624 3.049741435721
-0.389993023624 1.899044652455 -0.896296575676
3.049741435721 -0.896296575676 8.387344274949
1.634335793044 -0.369596443407 2.968180810079
-0.369596443407 1.885637665712 -0.866832428211
2.968180810079 -0.866832428211 8.174398177515
1.576214532376 -0.344147569117 2.862727576001
-0.344147569117 1.866082408368 -0.828859451939
2.862727576001 -0.828859451939 7.896791429656
1.508323326828 -0.314018849033 2.737262813706
-0.314018849033 1.843059532838 -0.783512452285
2.737262813706 -0.783512452285 7.565537289561
1.432655066956 -0.279631231790 2.595844347174
-0.279631231790 1.819314826155 -0.731976200615
2.595844347174 -0.731976200615 7.192054026227
1.351275847018 -0.241441148680 2.442548079724
-0.241441148680 1.797518648058 -0.675447321438
2.442548079724 -0.675447321438 6.787734529863
1.266232564893 -0.199930186617 2.281332888297
-0.199930186617 1.780143339092 -0.615102276287
2.281332888297 -0.615102276287 6.363579059913
1.179476205025 -0.155596473108 2.115927675863
-0.155596473108 1.769361010808 -0.552070501862
2.115927675863 -0.552070501862 5.929887880128
1.092800287687 -0.108946928169 1.949739851670
-0.108946928169 1.766964083916 -0.487412072382
1.949739851670 -0.487412072382 5.496012613852
1.007794132664 -0.060489782451 1.785785220256
-0.060489782451 1.774310645306 -0.422099600640
1.785785220256 -0.422099600640 5.070167101920
0.925810669012 -0.010727044618 1.626639591186
-0.010727044618 1.792295906591 -0.357004350469
1.626639591186 -0.357004350469 4.659299272458
0.847948377273 0.039853130295 1.474412205132
0.039853130295 1.821349753213 -0.292886647911
1.474412205132 -0.292886647911 4.269024647563
0.775046567791 0.090784004150 1.330740355215
0.090784004150 1.861458750663 -0.230390644604
1.330740355215 -0.230390644604 3.903619815045
0.707692665580 0.141627442343 1.196803557499
0.141627442343 1.912209308601 -0.170043337889
1.196803557499 -0.170043337889 3.566071072004
0.646239619929 0.191980356014 1.073354544931
0.191980356014 1.972847297792 -0.112257541498
1.073354544931 -0.112257541498 3.258170245669
0.590831114277 0.241480047533 0.960763464805
0.241480047533 2.042348509612 -0.057338285372
0.960763464805 -0.057338285372 2.980647102819
0.541432010764 0.289808181270 0.859071121268
0.289808181270 2.119494069664 -0.005491950447
0.859071121268 -0.005491950447 2.733326247696
0.497861462882 0.336693212967 0.768046995736
0.336693212967 2.202945263276 0.043162656500
0.768046995736 0.043162656500 2.515296172598
0.459826355020 0.381911236403 0.687248079730
0.381911236403 2.291313088722 0.088582101829
0.687248079730 0.088582101829 2.325079086872
0.426953126126 0.425285325047 0.616075176366
0.425285325047 2.383219042500 0.130785756121
0.616075176366 0.130785756121 2.160792029779
0.398816532632 0.466683544002 0.553824141071
0.466683544002 2.477344957682 0.169843504054
0.553824141071 0.169843504054 2.020292189915
0.374964428353 0.506015875204 0.499730407459
0.506015875204 2.572470979514 0.205864235326
0.499730407459 0.205864235326 1.901301921683
0.354938123641 0.543230334065 0.453005969568
0.543230334065 2.667501838417 0.238985464612
0.453005969568 0.238985464612 1.801511345769
0.338288290445 0.578308561324 0.412868689882
0.578308561324 2.761482393427 0.269364282545
0.412868689882 0.269364282545 1.718658426655
0.324586683076 0.611261155479 0.378564333928
0.611261155479 2.853603947758 0.297169714635
0.378564333928 0.297169714635 1.650587926228
0.313434143926 0.642122976201 0.349382088974
0.642122976201 2.943203103270 0.322576466926
0.349382088974 0.322576466926 1.595291623002
0.304465469771 0.670948604985 0.324664522243
0.670948604985 3.029754969314 0.345759967529
0.324664522243 0.345759967529 1.550932712701
0.297351745636 0.697808102142 0.303813002103
0.697808102142 3.112862431780 0.366892569476
0.303813002103 0.366892569476 1.515857457373
0.291800730053 0.722783154116 0.286289578236
0.722783154116 3.192242978286 0.386140758396
0.286289578236 0.386140758396 1.488597029250
0.287555817380 0.745963665070 0.271616226707
0.745963665070 3.267714315205 0.403663203210
0.271616226707 0.403663203210 1.467862199940
0.284394026259 0.767444813567 0.259372241437
0.767444813567 3.339179740508 0.419609494328
0.259372241437 0.419609494328 1.452533137649
0.282123380611 0.787324569448 0.249190416468
0.787324569448 3.406613979740 0.434119427494
0.249190416468 0.434119427494 1.441646157792
0.280579969653 0.805701647451 0.240752528901
0.805701647451 3.470049967025 0.447322708880
0.240752528901 0.447322708880 1.434378868960
0.279624901372 0.822673861836 0.233784509799
0.822673861836 3.529566866089 0.459338975858
0.233784509799 0.459338975858 1.430034793105
0.279141302469 0.838336839261 0.228051584745
0.838336839261 3.585279479291 0.470278046274
0.228051584745 0.470278046274 1.428028229110
0.279031467584 0.852783044230 0.223353578690
0.852783044230 3.637329082817 0.480240326008
0.223353578690 0.480240326008 1.427869876259
0.279214221329 0.866101071546 0.219520510646
0.866101071546 3.685875648786 0.489317319509
0.219520510646 0.489317319509 1.429153536069
0.279622526892 0.878375162366 0.216408551058
0.878375162366 3.731091364122 0.497592200766
0.216408551058 0.497592200766 1.431544061426
0.280201353476 0.889684904004 0.213896375728
0.889684904004 3.773155326178 0.505140412693
0.213896375728 0.505140412693 1.434766613585
0.280905799848 0.900105077844 0.211881922683
0.900105077844 3.812249280788 0.512030271475
0.211881922683 0.512030271475 1.438597212412
0.281699461506 0.909705624202 0.210279539767
0.909705624202 3.848554265397 0.518323559227
0.210279539767 0.518323559227 1.442854516143
0.282553023090 0.918551697493 0.209017499069
0.918551697493 3.882248024392 0.524076093573
0.209017499069 0.524076093573 1.447392737407
0.283443054616 0.926703789246 0.208035847606
0.926703789246 3.913503073081 0.529338266823
0.208035847606 0.529338266823 1.452095587105
