0.827168751081 0.105929399908 -0.057570200727
0.105929399908 0.357542757798 0.375806375436
-0.057570200727 0.375806375436 3.413265342090
0.816082071700 0.111093687845 -0.068568285342
0.111093687845 0.366901639161 0.386653419642
-0.068568285342 0.386653419642 3.502190426163
0.810059357442 0.114547836701 -0.075774363682
0.114547836701 0.373425609750 0.394157156748
-0.075774363682 0.394157156748 3.564104208828
0.806430800780 0.116662449308 -0.080288846709
0.116662449308 0.377499993479 0.398831600403
-0.080288846709 0.398831600403 3.602622690380
0.803709128419 0.117653086381 -0.082763511373
0.117653086381 0.379373290409 0.400999524108
-0.082763511373 0.400999524108 3.620052092326
0.801094445922 0.117615147173 -0.083551532730
0.117615147173 0.379159980449 0.400810275712
-0.083551532730 0.400810275712 3.617397373314
0.798228722488 0.116538360573 -0.082789902941
0.116538360573 0.376844162351 0.398250229520
-0.082789902941 0.398250229520 3.594370301798
0.795121676564 0.114303044801 -0.080437558032
0.114303044801 0.372280823083 0.393144206931
-0.080437558032 0.393144206931 3.549356165315
0.792229473395 0.110656373688 -0.076282636254
0.110656373688 0.365196670051 0.385149663438
-0.076282636254 0.385149663438 3.479338948529
0.790723125979 0.105162099587 -0.069927205615
0.105162099587 0.355198691978 0.373749870099
-0.069927205615 0.373749870099 3.379828272336
0.793047226407 0.097110845478 -0.060758251932
0.097110845478 0.341808921354 0.358260397773
-0.060758251932 0.358260397773 3.244900767019
0.803945243389 0.085370248796 -0.047922976105
0.085370248796 0.324561315207 0.337878009276
-0.047922976105 0.337878009276 3.067588016869
0.832185362866 0.068148596433 -0.030351346585
0.068148596433 0.303221647163 0.311824251053
-0.030351346585 0.311824251053 2.841022177725
0.893136136440 0.042656977464 -0.006917353592
0.042656977464 0.278211773073 0.279660608920
-0.006917353592 0.279660608920 2.560924371503
1.011795727545 0.004723088415 0.023104430988
0.004723088415 0.251289307703 0.241844844807
0.023104430988 0.241844844807 2.229918528941
1.224376426148 -0.051396604861 0.059116845838
-0.051396604861 0.226351072607 0.200479119899
0.059116845838 0.200479119899 1.863165243552
1.574104582145 -0.132419471125 0.097869978785
-0.132419471125 0.209799390307 0.159878980627
0.097869978785 0.159878980627 1.492341664298
2.096008787113 -0.243872509688 0.132455781134
-0.243872509688 0.209450110875 0.126183984374
0.132455781134 0.126183984374 1.162170649068
2.791951763155 -0.386352626609 0.153133320523
-0.386352626609 0.231359657487 0.105363977219
0.153133320523 0.105363977219 0.915367540386
3.612054885302 -0.552345805765 0.150926707012
-0.552345805765 0.275975378983 0.100320981117
0.150926707012 0.100320981117 0.772245102452
4.464675757743 -0.727073447987 0.122220253829
-0.727073447987 0.336935927083 0.109338413287
0.122220253829 0.109338413287 0.721433547511
5.254765822666 -0.894061595219 0.070579683675
-0.894061595219 0.404164088902 0.127380368833
0.070579683675 0.127380368833 0.730631533597
5.921107842209 -1.041402312496 0.004327513615
-1.041402312496 0.468662393879 0.148968561403
0.004327513615 0.148968561403 0.766408032399
6.446970825079 -1.164331274342 -0.067610820149
-1.164331274342 0.525283357230 0.170237084560
-0.067610820149 0.170237084560 0.806625131224
6.847160667646 -1.263811278005 -0.138492900944
-1.263811278005 0.572592539930 0.189303834447
-0.138492900944 0.189303834447 0.841404298509
7.149149315796 -1.343628600184 -0.204387126120
-1.343628600184 0.611342936404 0.205665713764
-0.204387126120 0.205665713764 0.868553799544
7.379975864133 -1.408070881606 -0.263546083037
-1.408070881606 0.643052957388 0.219483112163
-0.263546083037 0.219483112163 0.889107354375
7.560669686199 -1.460750186228 -0.315520751521
-1.460750186228 0.669199268057 0.231115163296
-0.315520751521 0.231115163296 0.904791020612
7.705489935356 -1.504278705689 -0.360482458311
-1.504278705689 0.690919296066 0.240905002348
-0.360482458311 0.240905002348 0.917038218395
7.823188412376 -1.540366394164 -0.398824543906
-1.540366394164 0.708985279947 0.249113244870
-0.398824543906 0.249113244870 0.926789299941
7.918677153512 -1.570050383807 -0.430968565658
-1.570050383807 0.723878818272 0.255916764318
-0.430968565658 0.255916764318 0.934573584856
7.994441185177 -1.593917668270 -0.457287124781
-1.593917668270 0.735880458262 0.261427774500
-0.457287124781 0.261427774500 0.940645120824
8.051543432073 -1.612275177436 -0.478082544123
-1.612275177436 0.745142814019 0.265714173204
-0.478082544123 0.265714173204 0.945095323354
8.090269667644 -1.625264233838 -0.493587788454
-1.625264233838 0.751741290453 0.268815197811
-0.493587788454 0.268815197811 0.947928930303
8.110512564560 -1.632931206939 -0.503973838940
-1.632931206939 0.755705954096 0.270751847280
-0.503973838940 0.270751847280 0.949109808353
8.111986703952 -1.635268300962 -0.509357364931
-1.635268300962 0.757040188926 0.271533249450
-0.509357364931 0.271533249450 0.948586490168
8.094343251474 -1.632235973900 -0.509807033889
-1.632235973900 0.755731120445 0.271160378923
-0.509807033889 0.271160378923 0.946305564025
8.057230400980 -1.623775158130 -0.505348585632
-1.623775158130 0.751755455297 0.269628268771
-0.505348585632 0.269628268771 0.942218478361
8.000328467775 -1.609814608466 -0.495969341480
-1.609814608466 0.745083157954 0.266927521725
-0.495969341480 0.266927521725 0.936285233738
7.923376930477 -1.590276670114 -0.481622890696
-1.590276670114 0.735680487981 0.263045653032
-0.481622890696 0.263045653032 0.928477008974
7.826203552335 -1.565083454258 -0.462234645679
-1.565083454258 0.723513340892 0.257968613728
-0.462234645679 0.257968613728 0.918778883560
7.708761535533 -1.534164632006 -0.437708913984
-1.534164632006 0.708551491688 0.251682734255
-0.437708913984 0.251682734255 0.907193299749
7.571178280835 -1.497467608410 -0.407938127274
-1.497467608410 0.690774145457 0.244177268990
-0.407938127274 0.244177268990 0.893744607095
7.413817851299 -1.454970555654 -0.372814878072
-1.454970555654 0.670177080318 0.235447687924
-0.372814878072 0.235447687924 0.878484841996
7.237358037873 -1.406698545981 -0.332247408661
-1.406698545981 0.646781567023 0.225499831756
-0.332247408661 0.225499831756 0.861500741488
7.042881536987 -1.352742738086 -0.286179124178
-1.352742738086 0.620645120931 0.214355002651
-0.286179124178 0.214355002651 0.842921824064
6.831978834010 -1.293282164789 -0.234612504592
-1.293282164789 0.591873947714 0.202055987780
-0.234612504592 0.202055987780 0.822929158100
6.606857701767 -1.228607094960 -0.177637398435
-1.228607094960 0.560636653353 0.188673890529
-0.177637398435 0.188673890529 0.801764162810
6.370450666990 -1.159142180124 -0.115463023748
-1.159142180124 0.527178382509 0.174315461582
-0.115463023748 0.174315461582 0.779736448581
6.126507491529 -1.085466678907 -0.048452024050
-1.085466678907 0.491834030924 0.159130373630
-0.048452024050 0.159130373630 0.757229331117
5.879655135340 -1.008328095227 0.022846374161
-1.008328095227 0.455038590096 0.143317579491
0.022846374161 0.143317579491 0.734701312295
5.635403778974 -0.928644794043 0.097668583189
-0.928644794043 0.417332127675 0.127129571034
0.097668583189 0.127129571034 0.712681620888
5.400075796891 -0.847492915942 0.175020234105
-0.847492915942 0.379356557869 0.110873088739
0.175020234105 0.110873088739 0.691758000183
5.180637015907 -0.766073623151 0.253678111154
-0.766073623151 0.341841449478 0.094904732101
0.253678111154 0.094904732101 0.672555483304
4.984418044487 -0.685658761034 0.332217347694
-0.685658761034 0.305576908586 0.079620127778
0.332217347694 0.079620127778 0.655706031615
4.818728902718 -0.607516555271 0.409068928950
-0.607516555271 0.271373231323 0.065435950540
0.409068928950 0.065435950540 0.641810613696
4.690391623934 -0.532823642485 0.482608477806
-0.532823642485 0.240009504058 0.052765206626
0.482608477806 0.052765206626 0.631397333349
4.605239103465 -0.462574553674 0.551271187849
-0.462574553674 0.212176244133 0.041987669892
0.551271187849 0.041987669892 0.624881073226
4.567647654888 -0.397503168938 0.613680679712
-0.397503168938 0.188419764029 0.033418896852
0.613680679712 0.033418896852 0.622531124309
4.580177816189 -0.338030967099 0.668773459417
-0.338030967099 0.169097240248 0.027282361853
0.668773459417 0.027282361853 0.624452793899
4.643387255780 -0.284253101930 0.715897908567
-0.284253101930 0.154350670185 0.023689454790
0.715897908567 0.023689454790 0.630586781350
4.755850855980 -0.235965852121 0.754869114502
-0.235965852121 0.144104801618 0.022631084130
0.754869114502 0.022631084130 0.640726571977
4.914382838668 -0.192729829268 0.785968532697
-0.192729829268 0.138089380833 0.023982541040
0.785968532697 0.023982541040 0.654550234510
5.114415981836 -0.153955466252 0.809888597037
-0.153955466252 0.135881076663 0.027520653140
0.809888597037 0.027520653140 0.671660079701
5.350465833336 -0.118993399504 0.827633598180
-0.118993399504 0.136956770468 0.032949881555
0.827633598180 0.032949881555 0.691622603096
5.616600732476 -0.087213491902 0.840395976536
-0.087213491902 0.140748620722 0.039932599040
0.840395976536 0.039932599040 0.714002197174
5.906850992765 -0.058061507741 0.849429546184
-0.058061507741 0.146692534817 0.048118655046
0.849429546184 0.048118655046 0.738384673453
6.215515678655 -0.031089534949 0.855938127474
-0.031089534949 0.154264636495 0.057170333125
0.855938127474 0.057170333125 0.764389624791
6.537353245829 -0.005962635533 0.860991463840
-0.005962635533 0.163003800047 0.066780441379
0.860991463840 0.066780441379 0.791673088332
6.867664791152 0.017551772405 0.865472707553
0.017551772405 0.172521256473 0.076682968093
0.865472707553 0.076682968093 0.819923293211
7.202291780810 0.039604045483 0.870055365800
0.039604045483 0.182500073917 0.086657047478
0.870055365800 0.086657047478 0.848852477107
7.537554028419 0.060285120564 0.875203566299
0.060285120564 0.192687921480 0.096525727168
0.875203566299 0.096525727168 0.878187176483
7.870151062452 0.079647209282 0.881187943977
0.079647209282 0.202886245652 0.106151243214
0.881187943977 0.106151243214 0.907658491045
8.197044221003 0.097719831626 0.888109795708
0.097719831626 0.212938243940 0.115428348334
0.888109795708 0.115428348334 0.936992963184
8.515330617275 0.114520458385 0.895927593350
0.114520458385 0.222717173179 0.124276891425
0.895927593350 0.124276891425 0.965904105872
8.822115241489 0.130060213954 0.904481776954
0.130060213954 0.232115807710 0.132634461835
0.904481776954 0.132634461835 0.994084319053
9.114384648385 0.144345678068 0.913515502616
0.144345678068 0.241037360841 0.140449584060
0.913515502616 0.140449584060 1.021196927551
9.388885035812 0.157377986190 0.922690472572
0.157377986190 0.249387907704 0.147675718948
0.922690472572 0.147675718948 1.046868292468
9.642008846433 0.169150351172 0.931598087705
0.169150351172 0.257070259656 0.154266201534
0.931598087705 0.154266201534 1.070680334336
9.869696991743 0.179644963167 0.939766989644
0.179644963167 0.263979287330 0.160170209627
0.939766989644 0.160170209627 1.092164312667
10.067367987620 0.188830064746 0.946668683124
0.188830064746 0.269998820937 0.165329888504
0.946668683124 0.165329888504 1.110797289048
10.229890114062 0.196657886271 0.951723409716
0.196657886271 0.275000426496 0.169678829082
0.951723409716 0.169678829082 1.126003297601
10.351617252130 0.203064064645 0.954308789891
0.203064064645 0.278844518519 0.173142178999
0.954308789891 0.173142178999 1.137161753422
10.426511901463 0.207969128948 0.953773901713
0.207969128948 0.281384368769 0.175638721147
0.953773901713 0.175638721147 1.143625877577
10.448378079112 0.211282570660 0.949461291458
0.211282570660 0.282473540624 0.177085237801
0.949461291458 0.177085237801 1.144753667712
10.411220002964 0.212909864508 0.940738734898
0.212909864508 0.281977046164 0.177403342014
0.940738734898 0.177403342014 1.139952915988
10.309727537397 0.212762511446 0.927041214453
0.212762511446 0.279786027963 0.176528660529
0.927041214453 0.176528660529 1.128739732801
10.139865490430 0.210770705552 0.907921474896
0.210770705552 0.275834997958 0.174421783259
0.907921474896 0.174421783259 1.110806926229
9.899512908673 0.206897603139 0.883104823727
0.206897603139 0.270119705412 0.171079800593
0.883104823727 0.171079800593 1.086094738697
9.589066403296 0.201153496023 0.852541040322
0.201153496023 0.262712769047 0.166546659590
0.852541040322 0.166546659590 1.054852695808
9.211898153812 0.193607647941 0.816444180813
0.193607647941 0.253773631292 0.160920188575
0.816444180813 0.160920188575 1.017679002641
8.774556305221 0.184395378430 0.775310705759
0.184395378430 0.243549547962 0.154353698073
0.775310705759 0.154353698073 0.975524500773
8.286621945377 0.173718371170 0.729908484749
0.173718371170 0.232365460270 0.147050723517
0.729908484749 0.147050723517 0.929652647637
7.760193296786 0.161837196024 0.681233921097
0.161837196024 0.220602644656 0.139252706002
0.681233921097 0.139252706002 0.881555052598
7.209042904600 0.149056491803 0.630440769700
0.149056491803 0.208668535110 0.131220940920
0.630440769700 0.131220940920 0.832831973167
6.647566132570 0.135704774205 0.578750413233
0.135704774205 0.196962298852 0.123215500737
0.578750413233 0.123215500737 0.785055826786
6.089685581539 0.122111943899 0.527357418732
0.122111943899 0.185841852756 0.115474584480
0.527357418732 0.115474584480 0.739640178417
5.547880592236 0.108587922120 0.477344772125
0.108587922120 0.175597620900 0.108197592830
0.477344772125 0.108197592830 0.697735178511
5.032473535873 0.095405355237 0.429620204895
0.095405355237 0.166436599416 0.101534240024
0.429620204895 0.101534240024 0.660163614558
4.551239859355 0.082788220955 0.384879673421
0.082788220955 0.158477846985 0.095580558355
0.384879673421 0.095580558355 0.627402092758
4.109339101355 0.070906833323 0.343598176991
0.070906833323 0.151758171491 0.090381216029
0.343598176991 0.090381216029 0.599602591976
3.709509239700 0.059878577748 0.306043390867
0.059878577748 0.146245176529 0.085936550698
0.306043390867 0.085936550698 0.576643263477
3.352437409011 0.049772962799 0.272304978136
0.049772962799 0.141854224561 0.082212292728
0.272304978136 0.082212292728 0.558194918175
3.037216312169 0.040619312258 0.242331979535
0.040619312258 0.138466148728 0.079150060291
0.242331979535 0.079150060291 0.543790693657
2.761810321535 0.032415546219 0.215971792634
0.032415546219 0.135943363686 0.076677159816
0.215971792634 0.076677159816 0.532889595985
2.523478691916 0.025136852524 0.193006148354
0.025136852524 0.134143014882 0.074714799801
0.193006148354 0.074714799801 0.524928499563
2.319127290399 0.018743473138 0.173181484517
0.018743473138 0.132926687531 0.073184353791
0.173181484517 0.073184353791 0.519360665165
2.145579787433 0.013187214748 0.156232771264
0.013187214748 0.132166831382 0.072011699657
0.156232771264 0.072011699657 0.515681346297
1.999772500154 0.008416584796 0.141900990972
0.008416584796 0.131750422000 0.071129897279
0.141900990972 0.071129897279 0.513442502891
1.878884365581 0.004380642532 0.129945129835
0.004380642532 0.131580521126 0.070480568711
0.129945129835 0.070480568711 0.512259211585
1.780416244279 0.001031754198 0.120149807210
0.001031754198 0.131576389930 0.070014354484
0.120149807210 0.070014354484 0.511810337665
1.702233533599 -0.001672523633 0.112329682931
-0.001672523633 0.131672718615 0.069690776765
0.112329682931 0.069690776765 0.511835684831
1.642584282659 -0.003768214160 0.106331656221
-0.003768214160 0.131818415102 0.069477775222
0.106331656221 0.069477775222 0.512131368219
1.600102624194 -0.005284152667 0.102035684960
-0.005284152667 0.131975276624 0.069351114611
0.102035684960 0.069351114611 0.512544690341
1.573804958500 -0.006241525461 0.099354861826
-0.006241525461 0.132116767109 0.069293804421
0.099354861826 0.069293804421 0.512969402754
1.563084229003 -0.006653596500 0.098235210102
-0.006653596500 0.132227045322 0.069295624447
0.098235210102 0.069295624447 0.513341929334
1.567705904567 -0.006525536620 0.098655515741
-0.006525536620 0.132300332728 0.069352815621
0.098655515741 0.069352815621 0.513638905369
1.587807898378 -0.005854300417 0.100627392228
-0.005854300417 0.132340671318 0.069467970642
0.100627392228 0.069467970642 0.513876232926
1.623905511890 -0.004628522868 0.104195673882
-0.004628522868 0.132362094523 0.069650140731
0.104195673882 0.069650140731 0.514109744410
1.676901469280 -0.002828433096 0.109439141606
-0.002828433096 0.132389212548 0.069915159712
0.109439141606 0.069915159712 0.514437478765
1.748100065850 -0.000425808233 0.116471491946
-0.000425808233 0.132458190819 0.070286170996
0.116471491946 0.070286170996 0.515003483711
1.839223253844 0.002615982031 0.125442354383
0.002615982031 0.132618070399 0.070794323358
0.125442354383 0.070794323358 0.516002938252
1.952425002609 0.006341758320 0.136538033206
0.006341758320 0.132932335981 0.071479574031
0.136538033206 0.071479574031 0.517688217746
2.090298398079 0.010804024328 0.149981491643
0.010804024328 0.133480574587 0.072391499501
0.149981491643 0.072391499501 0.520375276497
2.255867657037 0.016062012606 0.166030905961
0.016062012606 0.134359982039 0.073589963200
0.166030905961 0.073589963200 0.524449383539
