0.617956114076 0.321906289092 -0.432459299127
0.321906289092 5.701578402101 1.872072253445
-0.432459299127 1.872072253445 8.056552113234
0.616856390266 0.321098600531 -0.431420804277
0.321098600531 5.688443025387 1.867752611048
-0.431420804277 1.867752611048 8.038127045653
0.615446950476 0.320031291690 -0.430052695168
0.320031291690 5.671198391808 1.862080760907
-0.430052695168 1.862080760907 8.013951774453
0.613687780005 0.318638707170 -0.428275632473
0.318638707170 5.648904900980 1.854746895767
-0.428275632473 1.854746895767 7.982724473797
0.611538311424 0.316829470310 -0.425980730601
0.316829470310 5.620294058428 1.845332472780
-0.425980730601 1.845332472780 7.942693225920
0.608968363422 0.314476180333 -0.423018874249
0.314476180333 5.583665705720 1.833276003608
-0.423018874249 1.833276003608 7.891520028725
0.605980821169 0.311400080166 -0.419185471399
0.311400080166 5.536751682256 1.817827495039
-0.419185471399 1.817827495039 7.826103786632
0.602656810046 0.307348055681 -0.414198713977
0.307348055681 5.476540202206 1.797989419017
-0.414198713977 1.797989419017 7.742358944424
0.599243234905 0.301957842834 -0.407668639756
0.301957842834 5.399059971785 1.772443460106
-0.407668639756 1.772443460106 7.634956698700
0.596318791264 0.294705064244 -0.399053340892
0.294705064244 5.299136423709 1.739466345885
-0.399053340892 1.739466345885 7.497060716381
0.595102253573 0.284822495069 -0.387597744561
0.284822495069 5.170163147897 1.696847599639
-0.387597744561 1.696847599639 7.320142741326
0.598010595227 0.271177981005 -0.372250164570
0.271177981005 5.003994137105 1.641841736631
-0.372250164570 1.641841736631 7.094067033723
0.609633458676 0.252094400867 -0.351554060797
0.252094400867 4.791176131122 1.571223609821
-0.351554060797 1.571223609821 6.807812150172
0.638340631768 0.225098848112 -0.323521249445
0.225098848112 4.521917093784 1.481572696315
-0.323521249445 1.481572696315 6.451460220360
0.698690824814 0.186614097092 -0.285516357678
0.186614097092 4.188388414189 1.369979279774
-0.285516357678 1.369979279774 6.020337569643
0.814438211456 0.131684404341 -0.234233205511
0.131684404341 3.788995863038 1.235385104020
-0.234233205511 1.235385104020 5.522084193416
1.020856578668 0.053999913167 -0.165930331988
0.053999913167 3.334652413092 1.080594719462
-0.165930331988 1.080594719462 4.986156172885
1.363111085388 -0.053262340770 -0.077184407499
-0.053262340770 2.855163889342 0.914402524864
-0.077184407499 0.914402524864 4.471812781337
1.885632456953 -0.195153578109 0.033620264470
-0.195153578109 2.400659374473 0.752274142695
0.033620264470 0.752274142695 4.065575960548
2.609757688840 -0.371197610974 0.164272879084
-0.371197610974 2.031405990765 0.613456639778
0.164272879084 0.613456639778 3.857976525808
3.507399686023 -0.571838371761 0.307260282897
-0.571838371761 1.794948230677 0.514024128971
0.307260282897 0.514024128971 3.901455561664
4.491400598673 -0.778347157584 0.450456697324
-0.778347157584 1.702686678695 0.459422292522
0.450456697324 0.459422292522 4.174600994532
5.439222059396 -0.968081568927 0.580553371787
-0.968081568927 1.724767141478 0.442348523530
0.580553371787 0.442348523530 4.585306920766
6.239177332801 -1.122466414669 0.687457787339
-1.122466414669 1.808447785506 0.447846305914
0.687457787339 0.447846305914 5.015206302018
6.827009184866 -1.232373600280 0.766871693062
-1.232373600280 1.904154529270 0.461073011929
0.766871693062 0.461073011929 5.370326755951
7.192429268115 -1.298213721424 0.819930118461
-1.298213721424 1.980830060512 0.472147440917
0.819930118461 0.472147440917 5.604498421844
7.362316136474 -1.326435711697 0.851036428607
-1.326435711697 2.026627573007 0.476682249001
0.851036428607 0.476682249001 5.713097500946
7.378704414436 -1.325573009420 0.865606881791
-1.325573009420 2.042094541959 0.473989294628
0.865606881791 0.473989294628 5.714505505625
7.283218937482 -1.303632528471 0.868631469491
-1.303632528471 2.033120495614 0.465096888041
0.868631469491 0.465096888041 5.634031774561
7.109947116002 -1.266997609384 0.864090223135
-1.266997609384 2.006536634025 0.451470943884
0.864090223135 0.451470943884 5.495008113189
6.884066310156 -1.220306625519 0.854907830233
-1.220306625519 1.968204222016 0.434432401123
0.854907830233 0.434432401123 5.315674346859
6.623156552359 -1.166761460522 0.843141231493
-1.166761460522 1.922563496870 0.414993747187
0.843141231493 0.414993747187 5.109158626499
6.339242178536 -1.108533480428 0.830216620834
-1.108533480428 1.872805600401 0.393880682291
0.830216620834 0.393880682291 4.884595422824
6.040660318486 -1.047120105763 0.817134983676
-1.047120105763 1.821208363839 0.371608416970
0.817134983676 0.371608416970 4.648384511369
5.733475657209 -0.983610616921 0.804623503059
-0.983610616921 1.769443692786 0.348556732086
0.804623503059 0.348556732086 4.405217335858
5.422440003263 -0.918865713564 0.793235618237
-0.918865713564 1.718801149327 0.325026607158
0.793235618237 0.325026607158 4.158798645950
5.111586902462 -0.853629440037 0.783410521763
-0.853629440037 1.670328221620 0.301277209992
0.783410521763 0.301277209992 3.912304234129
4.804561392723 -0.788592626229 0.775503414533
-0.788592626229 1.624904618230 0.277546995325
0.775503414533 0.277546995325 3.668641498734
4.504767432705 -0.724423198894 0.769795982935
-0.724423198894 1.583269339597 0.254063195507
0.769795982935 0.254063195507 3.430573321574
4.215393952062 -0.661774487984 0.766494486449
-0.661774487984 1.546016152435 0.231043161501
0.766494486449 0.231043161501 3.200751877597
3.939363001358 -0.601279298897 0.765721284766
-0.601279298897 1.513569673068 0.208690030912
0.765721284766 0.208690030912 2.981696591378
3.679231710159 -0.543535261905 0.767504704283
-0.543535261905 1.486151822342 0.187184436310
0.767504704283 0.187184436310 2.775741859354
3.437072829312 -0.489085620688 0.771771714046
-0.489085620688 1.463747029560 0.166673471681
0.771771714046 0.166673471681 2.584975089925
3.214354972300 -0.438398890502 0.778347736867
-0.438398890502 1.446073907298 0.147257851470
0.778347736867 0.147257851470 2.411182955002
3.011841697232 -0.391850416412 0.786967827118
-0.391850416412 1.432570766047 0.128978050906
0.786967827118 0.128978050906 2.255822223691
2.829526937528 -0.349708552581 0.797303167231
-0.349708552581 1.422401878608 0.111800149282
0.797303167231 0.111800149282 2.120029984808
2.666621974764 -0.312127784975 0.809006141658
-0.312127784975 1.414490491851 0.095602079050
0.809006141658 0.095602079050 2.004685460885
2.521605487582 -0.279150517513 0.821775921299
-0.279150517513 1.407582946608 0.080161014347
0.821775921299 0.080161014347 1.910531182684
2.392342894695 -0.250718386155 0.835444333222
-0.250718386155 1.400345713858 0.065142743282
0.835444333222 0.065142743282 1.838354472075
2.276274245773 -0.226692867443 0.850078641265
-0.226692867443 1.391493579300 0.050094107028
0.850078641265 0.050094107028 1.789220691258
2.170661581086 -0.206883670611 0.866093660333
-0.206883670611 1.379942603025 0.034439997985
0.866093660333 0.034439997985 1.764737652059
2.072877499763 -0.191082053254 0.884360504899
-0.191082053254 1.364975996102 0.017486991010
0.884360504899 0.017486991010 1.767316605709
1.980707435253 -0.179094930393 0.906293715706
-0.179094930393 1.346405103299 -0.001563647201
0.906293715706 -0.001563647201 1.800380896787
1.892629992010 -0.170774654627 0.933893534693
-0.170774654627 1.324702086125 -0.023590275464
0.933893534693 -0.023590275464 1.868461454932
1.808034308351 -0.166038885158 0.969717376686
-0.166038885158 1.301077038138 -0.049509152914
0.969717376686 -0.049509152914 1.977113066553
1.727332959018 -0.164875333510 1.016756309298
-0.164875333510 1.277472052005 -0.080214162825
1.016756309298 -0.080214162825 2.132592228936
1.651935796889 -0.167327656823 1.078200903906
-0.167327656823 1.256450327212 -0.116497705323
1.078200903906 -0.116497705323 2.341261650245
1.584066153324 -0.173461510814 1.157097545132
-0.173461510814 1.240971328903 -0.158956251564
1.157097545132 -0.158956251564 2.608730867838
1.526425870995 -0.183313605581 1.255920312553
-0.183313605581 1.234063143811 -0.207889014820
1.255920312553 -0.207889014820 2.938803970533
1.481746431090 -0.196830895662 1.376110635587
-0.196830895662 1.238427592798 -0.263203272977
1.376110635587 -0.263203272977 3.332372631646
1.452293017097 -0.213810679479 1.517659462088
-0.213810679479 1.256036345036 -0.324343364142
1.517659462088 -0.324343364142 3.786446147359
1.439407467845 -0.233854068027 1.678815576772
-0.233854068027 1.287789429126 -0.390260420350
1.678815576772 -0.390260420350 4.293527423169
1.443176387905 -0.256343988690 1.855992022093
-0.256343988690 1.333304425829 -0.459435331666
1.855992022093 -0.459435331666 4.841508526543
1.462288881633 -0.280454457317 2.043909515599
-0.280454457317 1.390883060772 -0.529958552325
2.043909515599 -0.529958552325 5.414171120058
1.494108809335 -0.305191272394 2.235968633607
-0.305191272394 1.457666326847 -0.599659234434
2.235968633607 -0.599659234434 5.992255747882
1.534940437201 -0.329457465697 2.424794934334
-0.329457465697 1.529949824933 -0.666266038125
2.424794934334 -0.666266038125 6.554944679033
1.580427824504 -0.352131870778 2.602867708815
-0.352131870778 1.603599708627 -0.727575953458
2.602867708815 -0.727575953458 7.081522396698
1.626008071554 -0.372147439607 2.763133116167
-0.372147439607 1.674495250169 -0.781607281860
2.763133116167 -0.781607281860 7.552958532471
1.667340152531 -0.388557621800 2.899516747986
-0.388557621800 1.738928825508 -0.826718182417
2.899516747986 -0.826718182417 7.953200140353
1.700650260045 -0.400583237810 3.007281732569
-0.400583237810 1.793913603856 -0.861680763802
3.007281732569 -0.861680763802 8.270043432817
1.722962444384 -0.407637251012 3.083214899017
-0.407637251012 1.837375168891 -0.885709778495
3.083214899017 -0.885709778495 8.495549734204
1.732210477160 -0.409329197636 3.125654806855
-0.409329197636 1.868227470862 -0.898452185037
3.125654806855 -0.898452185037 8.626049903267
1.727246852734 -0.405453868146 3.134395434031
-0.405453868146 1.886350537476 -0.899947957819
3.134395434031 -0.899947957819 8.661830718720
1.707775299086 -0.395969941655 3.110506840528
-0.395969941655 1.892495608200 -0.890573515379
3.110506840528 -0.890573515379 8.606613522685
1.674235123734 -0.380973969715 3.056111712271
-0.380973969715 1.888144106805 -0.870977798917
3.056111712271 -0.870977798917 8.466926899912
1.627661980793 -0.360673938569 2.974148471640
-0.360673938569 1.875342894328 -0.842018453906
2.974148471640 -0.842018453906 8.251452320719
1.569543293228 -0.335365153811 2.868141580248
-0.335365153811 1.856532401939 -0.804702728776
2.868141580248 -0.804702728776 7.970394800824
1.501680007166 -0.305409788687 2.741990571384
-0.305409788687 1.834378651663 -0.760135266257
2.741990571384 -0.760135266257 7.634906911866
1.426061002805 -0.271220339093 2.599782670454
-0.271220339093 1.811615968198 -0.709473236781
2.599782670454 -0.709473236781 7.256577452223
1.344752849770 -0.233246508433 2.445629888851
-0.233246508433 1.790904642137 -0.653888286676
2.445629888851 -0.653888286676 6.846986328829
1.259805568141 -0.191964680775 2.283529778320
-0.191964680775 1.774706626996 -0.594534416002
2.283529778320 -0.594534416002 6.417323406427
1.173174216216 -0.147869059647 2.117248844962
-0.147869059647 1.765181974569 -0.532520958763
2.117248844962 -0.532520958763 5.978069121747
1.086655965212 -0.101463665587 1.950228144162
-0.101463665587 1.764108545875 -0.468890104966
1.950228144162 -0.468890104966 5.538736356463
1.001842397389 -0.053254615339 1.785511157355
-0.053254615339 1.772827126022 -0.404598709421
1.785511157355 -0.404598709421 5.107674667714
0.920086774952 -0.003742378693 1.625694272498
-0.003742378693 1.792213186695 -0.340504361319
1.625694272498 -0.340504361319 4.691938405840
0.842485827166 0.046586029484 1.472899887291
0.046586029484 1.822675174767 -0.277355785010
1.472899887291 -0.277355785010 4.297219121624
0.769875184501 0.097264753419 1.328771376424
0.097264753419 1.864177540092 -0.215787600484
1.328771376424 -0.215787600484 3.927840185127
0.702837037113 0.147856390006 1.194488103796
0.147856390006 1.916285035808 -0.156319323050
1.194488103796 -0.156319323050 3.586808299758
0.641718040078 0.197958507118 1.070797570552
0.197958507118 1.978223430503 -0.099358276657
1.070797570552 -0.099358276657 3.275913345624
0.586655054666 0.247209038425 0.958060906517
0.247209038425 2.048950897739 -0.045205888640
0.958060906517 -0.045205888640 2.995865408095
0.537606091524 0.295290281342 0.856307400920
0.295290281342 2.127234112575 0.005933329871
0.856307400920 0.005933329871 2.746456404264
0.494383842232 0.341931336238 0.765293696069
0.341931336238 2.211723476007 0.053940906424
0.765293696069 0.053940906424 2.526733587113
0.456689432669 0.386908950334 0.684563608475
0.386908950334 2.301022786626 0.098772434548
0.684563608475 0.098772434548 2.335173286912
0.424144448735 0.430046848386 0.613505200150
0.430046848386 2.393749898163 0.140445249477
0.613505200150 0.140445249477 2.169845245044
0.396319797128 0.471213729286 0.551402567176
0.471213729286 2.488586237517 0.179026383996
0.551402567176 0.179026383996 2.028560413090
0.372760495431 0.510320174649 0.497480709653
0.510320174649 2.584314328963 0.214621293530
0.497480709653 0.214621293530 1.908997735150
0.353005974783 0.547314749925 0.450942685589
0.547314749925 2.679843544821 0.247363688250
0.450942685589 0.247363688250 1.808807879679
0.336605883286 0.582179583331 0.410998955342
0.582179583331 2.774225107879 0.277406667517
0.410998955342 0.277406667517 1.725693921472
0.323131679486 0.614925688827 0.376889354674
0.614925688827 2.866657888085 0.304915230259
0.376889354674 0.304915230259 1.657470489486
0.312184501229 0.645588263841 0.347898487655
0.645588263841 2.956486788733 0.330060139719
0.347898487655 0.330060139719 1.602103881815
0.303399897536 0.674222147829 0.323365522836
0.674222147829 3.043195554315 0.353013053490
0.323365522836 0.353013053490 1.557736161969
0.296450038634 0.700897580357 0.302689437839
0.700897580357 3.126395712894 0.373942787596
0.302689437839 0.373942787596 1.522696384494
0.291043992729 0.725696352096 0.285330723951
0.725696352096 3.205813148491 0.393012562190
0.285330723951 0.393012562190 1.495501958633
0.286926597316 0.748708402030 0.270810466904
0.748708402030 3.281273533708 0.410378071397
0.270810466904 0.410378071397 1.474852845953
0.283876374267 0.770028881080 0.258707591326
0.770028881080 3.352687578069 0.426186226020
0.258707591326 0.426186226020 1.459620885302
0.281702853986 0.789755676678 0.248654916017
0.789755676678 3.420036789575 0.440574431014
0.248654916017 0.440574431014 1.448836109351
0.280243593262 0.807987374372 0.240334530377
0.807987374372 3.483360221387 0.453670276645
0.240334530377 0.453670276645 1.441671504650
0.279361099078 0.824821620344 0.233472878305
0.824821620344 3.542742489273 0.465591540439
0.233472878305 0.465591540439 1.437427297605
0.278939809113 0.840353841820 0.227835829384
0.840353841820 3.598303199555 0.476446414879
0.227835829384 0.476446414879 1.435515534818
0.278883229669 0.854676279499 0.223223929699
0.854676279499 3.650187818747 0.486333892238
0.223223929699 0.486333892238 1.435445470911
0.279111292615 0.867877286317 0.219467955497
0.867877286317 3.698559939966 0.495344252438
0.219467955497 0.495344252438 1.436810077423
0.279557963544 0.880040849094 0.216424840208
0.880040849094 3.743594851568 0.503559612177
0.216424840208 0.503559612177 1.439273836292
0.280169112036 0.891246293199 0.213974006651
0.891246293199 3.785474284650 0.511054503846
0.213974006651 0.511054503846 1.442561872945
0.280900640250 0.901568134591 0.212014108994
0.901568134591 3.824382202674 0.517896461084
0.212014108994 0.517896461084 1.446450409234
0.281716856532 0.911076048166 0.210460170724
0.911076048166 3.860501494200 0.524146594436
0.210460170724 0.524146594436 1.450758467739
0.282589075014 0.919834925776 0.209241093444
0.919834925776 3.894011434781 0.529860145777
0.209241093444 0.529860145777 1.455340730125
0.283494419332 0.927905001546 0.208297504916
0.927905001546 3.925085793807 0.535087014107
0.208297504916 0.535087014107 1.460081437578
