0.155742633904 0.017884463879 0.089276766874
0.017884463879 0.067078714610 0.009745580433
0.089276766874 0.009745580433 0.532936090259
0.155122469070 0.017813783614 0.088918526640
0.017813783614 0.066859762560 0.009709895904
0.088918526640 0.009709895904 0.530809067189
0.154170301604 0.017705673026 0.088366415995
0.017705673026 0.066560281556 0.009657486305
0.088366415995 0.009657486305 0.527539635161
0.152696064793 0.017539281608 0.087506489998
0.017539281608 0.066186120642 0.009582144957
0.087506489998 0.009582144957 0.522468518894
0.150402452853 0.017282897131 0.086155894295
0.017282897131 0.065827584481 0.009479425028
0.086155894295 0.009479425028 0.514556246042
0.146838447413 0.016890840102 0.084024801683
0.016890840102 0.065840076673 0.009356741660
0.084024801683 0.009356741660 0.502203787397
0.141363932859 0.016304989313 0.080667503477
0.016304989313 0.067331606443 0.009263755635
0.080667503477 0.009263755635 0.483080523086
0.133196118382 0.015473462370 0.075440604812
0.015473462370 0.073384085673 0.009373174666
0.075440604812 0.009373174666 0.454161309733
0.121711583094 0.014413959384 0.067529137859
0.014413959384 0.091763990805 0.010167003835
0.067529137859 0.010167003835 0.412498292551
0.107276654318 0.013357635960 0.056173056548
0.013357635960 0.139655008385 0.012772290662
0.056173056548 0.012772290662 0.357618054198
0.092607347749 0.012945209183 0.041239092778
0.012945209183 0.247869554877 0.019281665246
0.041239092778 0.019281665246 0.295804810065
0.083361222076 0.014214059408 0.023967236194
0.014214059408 0.453902742121 0.032324237665
0.023967236194 0.032324237665 0.242848981673
0.085345466190 0.017951999386 0.007029178855
0.017951999386 0.771532048970 0.052998705961
0.007029178855 0.052998705961 0.217444294026
0.099018452398 0.023714898102 -0.006828862136
0.023714898102 1.156907917185 0.078484492804
-0.006828862136 0.078484492804 0.225566495867
0.118213671310 0.029856128381 -0.016415093248
0.029856128381 1.523793879556 0.102985266122
-0.016415093248 0.102985266122 0.254510186537
0.135569991362 0.034779620818 -0.022213050913
0.034779620818 1.802631503873 0.121747898476
-0.022213050913 0.121747898476 0.285712709577
0.147331150129 0.037822624816 -0.025371605303
0.037822624816 1.972887492834 0.133330855235
-0.025371605303 0.133330855235 0.308068983080
0.153308435107 0.039080341959 -0.026930830953
0.039080341959 2.048496239818 0.138667921803
-0.026930830953 0.138667921803 0.319202291591
0.154840842484 0.038879686856 -0.027630618653
0.038879686856 2.052131769225 0.139344230481
-0.027630618653 0.139344230481 0.320876882240
0.153475446632 0.037453267705 -0.028008811943
0.037453267705 2.001416830672 0.136682342818
-0.028008811943 0.136682342818 0.315603083644
0.150717265001 0.034837101452 -0.028576692271
0.034837101452 1.906494256779 0.131621283929
-0.028576692271 0.131621283929 0.305635606320
0.148416600306 0.030870168590 -0.030023279730
0.030870168590 1.773050045292 0.124998505230
-0.030023279730 0.124998505230 0.293397814112
0.149478933442 0.025229152109 -0.033448528979
0.025229152109 1.607654090956 0.118017971617
-0.033448528979 0.118017971617 0.282580705987
0.158615732787 0.017499485437 -0.040570231783
0.017499485437 1.424229117339 0.112774623792
-0.040570231783 0.112774623792 0.279422444287
0.182497443208 0.007322812953 -0.053693990350
0.007322812953 1.249409688589 0.112540047772
-0.053693990350 0.112540047772 0.293260108608
0.228169010687 -0.005347807910 -0.075073086607
-0.005347807910 1.121374017434 0.121213425033
-0.075073086607 0.121213425033 0.334683311159
0.299063817112 -0.019952327772 -0.105486417538
-0.019952327772 1.076380066001 0.141474637040
-0.105486417538 0.141474637040 0.410130442694
0.390580441703 -0.035219171912 -0.142782699936
-0.035219171912 1.127040545448 0.172434846247
-0.142782699936 0.172434846247 0.515400857866
0.489785258096 -0.049487853662 -0.181963100420
-0.049487853662 1.250848037884 0.209035693251
-0.181963100420 0.209035693251 0.634492376118
0.581125978678 -0.061345095464 -0.217336133690
-0.061345095464 1.403001800792 0.244410118353
-0.217336133690 0.244410118353 0.746875950671
0.653569729940 -0.070105333542 -0.245037757457
-0.070105333542 1.541957618651 0.273252649751
-0.245037757457 0.273252649751 0.837273909963
0.703477363926 -0.075826199197 -0.263948648202
-0.075826199197 1.645076748764 0.293412784162
-0.263948648202 0.293412784162 0.899983939116
0.732797992514 -0.078996785380 -0.274952580109
-0.078996785380 1.707846012215 0.305292183279
-0.274952580109 0.305292183279 0.936813397995
0.745793187479 -0.080202226700 -0.279716907144
-0.080202226700 1.735506970043 0.310443997409
-0.279716907144 0.310443997409 0.952828688366
0.746691008072 -0.079923362818 -0.279840986467
-0.079923362818 1.735763339914 0.310510901354
-0.279840986467 0.310510901354 0.953212911051
0.738702157445 -0.078467234303 -0.276506887981
-0.078467234303 1.715103339956 0.306749296425
-0.276506887981 0.306749296425 0.941894617715
0.723913775749 -0.075968676507 -0.270446466025
-0.075968676507 1.677794694994 0.299945393381
-0.270446466025 0.299945393381 0.921339866052
0.703555359631 -0.072414904262 -0.262038586470
-0.072414904262 1.626140345885 0.290501551027
-0.262038586470 0.290501551027 0.892842461730
0.678359144035 -0.067669516628 -0.251435781068
-0.067669516628 1.561134982206 0.278567441932
-0.251435781068 0.278567441932 0.856941029677
0.648912978088 -0.061489526204 -0.238684569722
-0.061489526204 1.483172030050 0.264169022787
-0.238684569722 0.264169022787 0.813825611305
0.615984354511 -0.053538308235 -0.223834304046
-0.053538308235 1.392711958869 0.247326671436
-0.223834304046 0.247326671436 0.763709203739
0.580809229122 -0.043402589502 -0.207037047709
-0.043402589502 1.290903299290 0.228164747039
-0.207037047709 0.228164747039 0.707169472315
0.545316900734 -0.030625146857 -0.188635986786
-0.030625146857 1.180128303738 0.207010591412
-0.188635986786 0.207010591412 0.645449798099
0.512222945926 -0.014766517006 -0.169228466012
-0.014766517006 1.064377346368 0.184469115230
-0.169228466012 0.184469115230 0.580669965465
0.484890418214 0.004494108467 -0.149678064651
0.004494108467 0.949285173022 0.161446229817
-0.149678064651 0.161446229817 0.515857079541
0.466871258702 0.027220680387 -0.131047143348
0.027220680387 0.841648787312 0.139089922587
-0.131047143348 0.139089922587 0.454698401855
0.461130919069 0.053069268846 -0.114437304812
0.053069268846 0.748357760025 0.118632763767
-0.114437304812 0.118632763767 0.400975463359
0.469127180978 0.081174996917 -0.100763249812
0.081174996917 0.674919706989 0.101158101556
-0.100763249812 0.101158101556 0.357772814637
0.490079368596 0.110139774176 -0.090530504301
0.110139774176 0.624053781475 0.087359708033
-0.090530504301 0.087359708033 0.326711233583
0.520790080594 0.138162057283 -0.083707482209
0.138162057283 0.594942699432 0.077388584244
-0.083707482209 0.077388584244 0.307521827123
0.556186008524 0.163293977112 -0.079751992627
0.163293977112 0.583518158462 0.070853614433
-0.079751992627 0.070853614433 0.298166754676
0.590412909171 0.183750548594 -0.077782126588
0.183750548594 0.583684293180 0.066973082852
-0.077782126588 0.066973082852 0.295463685573
0.618069882563 0.198171326693 -0.076816887616
0.198171326693 0.588963717943 0.064806676737
-0.076816887616 0.064806676737 0.295945615553
0.635161532750 0.205763091681 -0.075994480157
0.205763091681 0.593950641731 0.063475827163
-0.075994480157 0.063475827163 0.296630319811
0.639550193222 0.206310218754 -0.074707893390
0.206310218754 0.595179310577 0.062308724161
-0.074707893390 0.062308724161 0.295489259852
0.630934831896 0.200088628067 -0.072646635914
0.200088628067 0.591347205253 0.060894779584
-0.072646635914 0.060894779584 0.291580842471
0.610526276787 0.187737127355 -0.069768136501
0.187737127355 0.583059043713 0.059069218703
-0.069768136501 0.059069218703 0.284934587886
0.580602483484 0.170129869180 -0.066232035061
0.170129869180 0.572315907582 0.056860095760
-0.066232035061 0.056860095760 0.276305494146
0.544067411404 0.148272059989 -0.062323393659
0.148272059989 0.561922273986 0.054424186454
-0.062323393659 0.054424186454 0.266891196502
0.504067754290 0.123222317067 -0.058379246437
0.123222317067 0.554907719104 0.051986860820
-0.058379246437 0.051986860820 0.258062974916
0.463678339112 0.096035183869 -0.054724603157
0.096035183869 0.554010197453 0.049792004097
-0.054724603157 0.049792004097 0.251132419165
0.425653267943 0.067715641198 -0.051620667414
0.067715641198 0.561252074627 0.048063480280
-0.051620667414 0.048063480280 0.247164015064
0.392243404477 0.039180511636 -0.049227737865
0.039180511636 0.577642070542 0.046978308608
-0.049227737865 0.046978308608 0.246842971224
0.365086848220 0.011225870120 -0.047585379553
0.011225870120 0.603035246059 0.046651587150
-0.047585379553 0.046651587150 0.250407663571
0.345178283279 -0.015497477060 -0.046611282464
-0.015497477060 0.636167182804 0.047132791250
-0.046611282464 0.047132791250 0.257651156296
0.332913960127 -0.040497644687 -0.046117600270
-0.040497644687 0.674848930329 0.048411977594
-0.046117600270 0.048411977594 0.267986030300
0.328196006176 -0.063442808105 -0.045840529713
-0.063442808105 0.716277638040 0.050433031246
-0.045840529713 0.050433031246 0.280555231394
0.330569191460 -0.084150197747 -0.045476840515
-0.084150197747 0.757397605210 0.053110075581
-0.045476840515 0.053110075581 0.294363961020
0.339359618160 -0.102565080248 -0.044720858126
-0.102565080248 0.795245395705 0.056342964128
-0.044720858126 0.056342964128 0.308406815805
0.353788576950 -0.118732685290 -0.043296973107
-0.118732685290 0.827229126196 0.060028370511
-0.043296973107 0.060028370511 0.321770056729
0.373043390677 -0.132765816629 -0.040985308385
-0.132765816629 0.851317791453 0.064064013579
-0.040985308385 0.064064013579 0.333698107953
0.396296932370 -0.144809954106 -0.037640711784
-0.144809954106 0.866141931750 0.068344552730
-0.037640711784 0.068344552730 0.343622651203
0.422676366815 -0.155006570618 -0.033206975784
-0.155006570618 0.871025533743 0.072748410851
-0.033206975784 0.072748410851 0.351159656454
0.451189387787 -0.163454771197 -0.027728721525
-0.163454771197 0.865978705399 0.077115313173
-0.027728721525 0.077115313173 0.356083810059
0.480624482108 -0.170171824206 -0.021362613071
-0.170171824206 0.851682419100 0.081215114735
-0.021362613071 0.081215114735 0.358291863274
0.509452667486 -0.175055258018 -0.014387532332
-0.175055258018 0.829492060730 0.084710266221
-0.014387532332 0.084710266221 0.357767620923
0.535772030847 -0.177853219819 -0.007210238019
-0.177853219819 0.801475451564 0.087117851846
-0.007210238019 0.087117851846 0.354562111305
0.557348759632 -0.178155136054 -0.000359468757
-0.178155136054 0.770480635409 0.087782847906
-0.000359468757 0.087782847906 0.348801746834
0.571807634005 -0.175418986020 0.005541080676
-0.175418986020 0.740196028663 0.085880856267
0.005541080676 0.085880856267 0.340731868647
0.576994652291 -0.169050043820 0.009829434270
-0.169050043820 0.715124213775 0.080472026261
0.009829434270 0.080472026261 0.330789399880
0.571464916646 -0.158533426897 0.011892877620
-0.158533426897 0.700360566295 0.070621489584
0.011892877620 0.070621489584 0.319676720663
0.554957145693 -0.143598163122 0.011273774433
-0.143598163122 0.701086353828 0.055579879557
0.011273774433 0.055579879557 0.308388846443
0.528656464293 -0.124363062876 0.007765903071
-0.124363062876 0.721784964036 0.034983786527
0.007765903071 0.034983786527 0.298145881858
0.495084637925 -0.101403726374 0.001467170815
-0.101403726374 0.765351106410 0.009007895319
0.001467170815 0.009007895319 0.290216561524
0.457605324195 -0.075701563076 -0.007234698737
-0.075701563076 0.832393578699 -0.021597901690
-0.007234698737 -0.021597901690 0.285676480223
0.419713497262 -0.048484408347 -0.017741465164
-0.048484408347 0.921018890277 -0.055612566213
-0.017741465164 -0.055612566213 0.285189400981
0.384371830751 -0.021015396237 -0.029360810632
-0.021015396237 1.027199397875 -0.091555854049
-0.029360810632 -0.091555854049 0.288896105889
0.353603684422 0.005597642533 -0.041421377136
0.005597642533 1.145583255106 -0.127933456688
-0.041421377136 -0.127933456688 0.296443093696
0.328405308671 0.030521403721 -0.053356293237
0.030521403721 1.270449665746 -0.163440202680
-0.053356293237 -0.163440202680 0.307120409698
0.308904416496 0.053232645923 -0.064743822422
0.053232645923 1.396523727074 -0.197078841692
-0.064743822422 -0.197078841692 0.320043233546
0.294634851739 0.073488711790 -0.075310569475
0.073488711790 1.519491933347 -0.228191822116
-0.075310569475 -0.228191822116 0.334316207625
0.284813991217 0.091263685105 -0.084910911312
0.091263685105 1.636202684671 -0.256429634990
-0.084910911312 -0.256429634990 0.349146718539
0.278559489319 0.106677074368 -0.093496462721
0.106677074368 1.744627439836 -0.281686516119
-0.093496462721 -0.281686516119 0.363901625245
0.275028321901 0.119931490679 -0.101085340881
0.119931490679 1.843685118079 -0.304028671701
-0.101085340881 -0.304028671701 0.378119178389
0.273488537783 0.131265866420 -0.107736318412
0.131265866420 1.933016927263 -0.323630180960
-0.107736318412 -0.323630180960 0.391493191404
0.273343852999 0.140924306468 -0.113529456022
0.140924306468 2.012768075507 -0.340722888970
-0.113529456022 -0.340722888970 0.403844415882
0.274130378214 0.149137658072 -0.118552823988
0.149137658072 2.083404293801 -0.355560900913
-0.118552823988 -0.355560900913 0.415089282823
0.275499817996 0.156114171491 -0.122894106967
0.156114171491 2.145571386448 -0.368397501969
-0.122894106967 -0.368397501969 0.425211581582
0.277198194252 0.162036044988 -0.126635757094
0.162036044988 2.199995133729 -0.379471481303
-0.126635757094 -0.379471481303 0.434239351248
0.279045033311 0.167059438902 -0.129852543484
0.167059438902 2.247414304737 -0.389000008457
-0.129852543484 -0.389000008457 0.442227306196
0.280915253639 0.171316315819 -0.132610620747
0.171316315819 2.288538660110 -0.397175772395
-0.132610620747 -0.397175772395 0.449244166380
0.282724428021 0.174917073949 -0.134967498749
0.174917073949 2.324024702172 -0.404166710976
-0.134967498749 -0.404166710976 0.455363930404
0.284417299659 0.177953370387 -0.136972502997
0.177953370387 2.354463404637 -0.410117187604
-0.136972502997 -0.410117187604 0.460660123343
0.285959097533 0.180500810592 -0.138667465402
0.180500810592 2.380375637973 -0.415149873486
-0.138667465402 -0.415149873486 0.465202186332
0.287329110341 0.182621351314 -0.140087487979
0.182621351314 2.402212259835 -0.419367877098
-0.140087487979 -0.419367877098 0.469053349219
0.288516010776 0.184365362481 -0.141261689015
0.184365362481 2.420356805524 -0.422856851773
-0.141261689015 -0.422856851773 0.472269492495
0.289514500309 0.185773345999 -0.142213883323
0.185773345999 2.435129415324 -0.425686933485
-0.142213883323 -0.425686933485 0.474898641919
0.290322932426 0.186877334425 -0.142963173477
0.186877334425 2.446791125375 -0.427914435384
-0.142963173477 -0.427914435384 0.476980845493
0.290941652952 0.187702001751 -0.143524443538
0.187702001751 2.455547979799 -0.429583269254
-0.143524443538 -0.429583269254 0.478548261250
0.291371864067 0.188265519214 -0.143908754537
0.188265519214 2.461554639663 -0.430726088069
-0.143908754537 -0.430726088069 0.479625340932
