17.148513440899 12.239268413183 -10.833004324485
12.239268413183 55.200461181538 -25.915925055436
-10.833004324485 -25.915925055436 18.892758506245
17.383500921381 12.407017839499 -10.981448060837
12.407017839499 55.809023696481 -26.250118906670
-10.981448060837 -26.250118906670 19.113330337464
17.517018260114 12.502311113657 -11.065793972818
12.502311113657 56.155447612828 -26.440065200583
-11.065793972818 -26.440065200583 19.238859230180
17.562612706740 12.534811843688 -11.094600530756
12.534811843688 56.262816864964 -26.503316269512
-11.094600530756 -26.503316269512 19.278969840187
17.523640430923 12.506892111255 -11.069989504939
12.506892111255 56.132712291392 -26.443600012209
-11.069989504939 -26.443600012209 19.235016303310
17.393432231126 12.413733421377 -10.987751624808
12.413733421377 55.742151019927 -26.250534155199
-10.987751624808 -26.250534155199 19.099367554115
17.153988949418 12.242350289349 -10.836524851249
12.242350289349 55.038528477646 -25.897464716359
-10.836524851249 -25.897464716359 18.853833817459
16.773162671853 11.969462785437 -10.596019377744
11.969462785437 53.931748030225 -25.337203232327
-10.596019377744 -25.337203232327 18.467093334720
16.200669179485 11.558353029778 -10.234512109488
11.558353029778 52.284521612165 -24.495999515954
-10.234512109488 -24.495999515954 17.891683542117
15.364740854457 10.955709624319 -9.706764067876
10.955709624319 49.906230456749 -23.267992812983
-9.706764067876 -23.267992812983 17.063000068266
14.175274573432 10.091943534823 -8.956081711731
10.091943534823 46.566177890701 -21.517523448676
-8.956081711731 -21.517523448676 15.907346043520
12.547755875580 8.893727298018 -7.929582672083
8.893727298018 42.060725932321 -19.107110380963
-7.929582672083 -19.107110380963 14.374671335786
10.471818556400 7.323855803573 -6.621765732326
7.323855803573 36.381462283332 -15.980077064841
-6.621765732326 -15.980077064841 12.518560327226
8.133658194215 5.456342829965 -5.152081518367
5.456342829965 29.971888664963 -12.307804175496
-5.152081518367 -12.307804175496 10.620393211523
6.008158453456 3.542155066094 -3.822790690300
3.542155066094 23.833855730031 -8.602111275794
-3.822790690300 -8.602111275794 9.242983198798
4.705852276636 1.944062265367 -3.020620409179
1.944062265367 19.064336927571 -5.554089024094
-3.020620409179 -5.554089024094 8.983437738671
4.531619247089 0.903957432749 -2.935886932390
0.903957432749 15.996774661529 -3.569536574706
-2.935886932390 -3.569536574706 9.967681381132
5.233159370343 0.385273070623 -3.404151478177
0.385273070623 14.043136685089 -2.513484439502
-3.404151478177 -2.513484439502 11.693844261871
6.290459977762 0.185693186747 -4.092545500924
0.185693186747 12.472908766834 -1.985554057006
-4.092545500924 -1.985554057006 13.495436044032
7.318228913130 0.126341052807 -4.756259252606
0.126341052807 10.974716596517 -1.678026928390
-4.756259252606 -1.678026928390 14.991919289335
8.165648400192 0.114058101275 -5.300892244550
0.114058101275 9.559750476397 -1.454466599886
-5.300892244550 -1.454466599886 16.111762809429
8.819899307175 0.113993086622 -5.719928645225
0.113993086622 8.309418959026 -1.274194737978
-5.719928645225 -1.274194737978 16.920224850135
9.311229649611 0.115973446597 -6.033841518712
0.115973446597 7.265947602034 -1.127552616614
-6.033841518712 -1.127552616614 17.497384543365
9.670302475684 0.117677736455 -6.262912424342
0.117677736455 6.428304732393 -1.010594736037
-6.262912424342 -1.010594736037 17.897854124662
9.917731823178 0.118746808717 -6.420678737447
0.118746808717 5.773777258322 -0.919443747126
-6.420678737447 -0.919443747126 18.149847824739
10.065051685670 0.119130397231 -6.514651266474
0.119130397231 5.274310099071 -0.850147482262
-6.514651266474 -0.850147482262 18.263913495732
10.117868914384 0.118684381595 -6.548375394266
0.118684381595 4.904442140891 -0.799229527723
-6.548375394266 -0.799229527723 18.240682742513
10.078558335449 0.117054653817 -6.523152730355
0.117054653817 4.644186671981 -0.764004659733
-6.523152730355 -0.764004659733 18.075805411531
9.948282367215 0.113584150539 -6.439287964985
0.113584150539 4.479767541203 -0.742702432114
-6.439287964985 -0.742702432114 17.762809692861
9.728766768604 0.107170101104 -6.297133326787
0.107170101104 4.403842569742 -0.734552780525
-6.297133326787 -0.734552780525 17.294973269967
9.424360929077 0.096038436643 -6.098257892586
0.096038436643 4.416040197157 -0.739946016658
-6.098257892586 -0.739946016658 16.667102323762
9.044874043146 0.077407832644 -5.847041821803
0.077407832644 4.524258701799 -0.760743146194
-5.847041821803 -0.760743146194 15.877895948273
8.609570526382 0.047024648153 -5.552931615672
0.047024648153 4.746983773682 -0.800786443854
-5.552931615672 -0.800786443854 14.933377955709
8.152425808383 -0.001415683063 -5.233435118816
-0.001415683063 5.116635368260 -0.866615060303
-5.233435118816 -0.866615060303 13.851594004221
7.728092875765 -0.076861354965 -4.917573635321
-0.076861354965 5.683426293462 -0.968285089291
-4.917573635321 -0.968285089291 12.668217347866
7.416835226830 -0.191259306841 -4.648841228788
-0.191259306841 6.518206689979 -1.119990498419
-4.648841228788 -1.119990498419 11.441726223649
7.325059732603 -0.359221559551 -4.485806661672
-0.359221559551 7.711332984566 -1.339891942339
-4.485806661672 -1.339891942339 10.255497036774
7.576884588396 -0.596423583791 -4.497798407133
-0.596423583791 9.363457033787 -1.648329471054
-4.497798407133 -1.648329471054 9.213161033617
8.293201358453 -0.916341970643 -4.753635376601
-0.916341970643 11.564950901402 -2.063756828365
-4.753635376601 -2.063756828365 8.424263966743
9.559726403517 -1.325672609142 -5.304111839082
-1.325672609142 14.365307899002 -2.596657156324
-5.304111839082 -2.596657156324 7.980963900519
11.393771002311 -1.819914567105 -6.163494520322
-1.819914567105 17.741809554435 -3.243285222350
-6.163494520322 -3.243285222350 7.932556275539
13.725423275714 -2.381370312319 -7.298650703810
-2.381370312319 21.582880306555 -3.982304730940
-7.298650703810 -3.982304730940 8.269046100947
16.405426878809 -2.981199877428 -8.632671507034
-2.981199877428 25.698554419396 -4.776797226186
-8.632671507034 -4.776797226186 8.922796299321
19.238585738229 -3.585123888262 -10.062552670625
-3.585123888262 29.856983992584 -5.581442979865
-10.062552670625 -5.581442979865 9.788115454666
22.027369637041 -4.160304345268 -11.482722495471
-4.160304345268 33.831029602089 -6.351723856831
-11.482722495471 -6.351723856831 10.749008392435
24.606558976504 -4.680464254072 -12.804006141144
-4.680464254072 37.434449307868 -7.051101641844
-12.804006141144 -7.051101641844 11.702584965609
26.857668817958 -5.127605648571 -13.961822946651
-5.127605648571 40.535302788283 -7.653726966408
-13.961822946651 -7.653726966408 12.570610131933
28.703477869273 -5.490497733269 -14.913678913561
-5.490497733269 43.046779295654 -8.142722255264
-14.913678913561 -8.142722255264 13.299027012367
30.090331213467 -5.761221769571 -15.630019689417
-5.761221769571 44.904073498852 -8.505746124224
-15.630019689417 -8.505746124224 13.849899436554
30.967416469605 -5.931256978603 -16.083364776773
-5.931256978603 46.038163006717 -8.729993191976
-16.083364776773 -8.729993191976 14.191137328317
31.270959132667 -5.988368438534 -16.239966565939
-5.988368438534 46.356597414932 -8.798645968742
-16.239966565939 -8.798645968742 14.288470926834
30.920301956635 -5.915418389323 -16.057678981993
-5.915418389323 45.741045903396 -8.690724870026
-16.057678981993 -8.690724870026 14.103300126305
29.832391398568 -5.692243468994 -15.493448244751
-5.692243468994 44.071258750910 -8.386224056074
-15.493448244751 -8.386224056074 13.599524408416
27.958140641304 -5.301461088995 -14.522212833283
-5.301461088995 41.280552305061 -7.877388811101
-14.522212833283 -7.877388811101 12.760695377752
25.333776992575 -4.737700335745 -13.163569760854
-4.737700335745 37.432126042208 -7.183627095323
-13.163569760854 -7.183627095323 11.613548971596
22.122861892937 -4.017036754915 -11.503474996264
-4.017036754915 32.779314221787 -6.362197174478
-11.503474996264 -6.362197174478 10.245530257818
18.613855778695 -3.180963038299 -9.692657006751
-3.180963038299 27.757385450574 -5.504080755448
-9.692657006751 -5.504080755448 8.799410645393
15.155312741241 -2.290354391544 -7.912513348098
-2.290354391544 22.881927334706 -4.710934665104
-7.912513348098 -4.710934665104 7.437930497999
12.055059111117 -1.410772660875 -6.322430354092
-1.410772660875 18.596310547462 -4.063369505803
-6.322430354092 -4.063369505803 6.293843350474
9.500778404510 -0.596592168954 -5.018587382764
-0.596592168954 15.155963180072 -3.599309214828
-5.018587382764 -3.599309214828 5.434597513859
7.541490299941 0.118306238978 -4.024737561633
0.118306238978 12.607079854741 -3.313298622134
-4.024737561633 -3.313298622134 4.859320487850
6.122566286579 0.720985157841 -3.310887243567
0.720985157841 10.845187540495 -3.171829536239
-3.310887243567 -3.171829536239 4.521317751425
5.139152795604 1.214084856297 -2.821375590438
1.214084856297 9.698346657233 -3.132021079457
-2.821375590438 -3.132021079457 4.356759747961
4.479061956714 1.609019772549 -2.497245079847
1.609019772549 8.991415211280 -3.154678759903
-2.497245079847 -3.154678759903 4.305387480455
4.045815274689 1.920495919311 -2.288133496354
1.920495919311 8.578724036800 -3.209891905359
-2.288133496354 -3.209891905359 4.319934439629
3.765791161257 2.163110734564 -2.155844466440
2.163110734564 8.352490058804 -3.277450348951
-2.155844466440 -3.277450348951 4.367465539603
3.586778151559 2.349685271732 -2.073461076082
2.349685271732 8.238724857357 -3.344930713365
-2.073461076082 -3.344930713365 4.426910485317
3.473454043417 2.490694061757 -2.022898505426
2.490694061757 8.189152733393 -3.405319985731
-2.022898505426 -3.405319985731 4.485680794159
3.402687036188 2.594264460313 -1.992401415189
2.594264460313 8.173408355125 -3.455004813081
-1.992401415189 -3.455004813081 4.536704640432
3.359743619894 2.666408402089 -1.974540400617
2.666408402089 8.172973398468 -3.492328864810
-1.974540400617 -3.492328864810 4.576249799181
3.335585965046 2.711303235580 -1.964792111589
2.711303235580 8.176970919635 -3.516654262318
-1.964792111589 -3.516654262318 4.602479450706
3.325110514856 2.731534027988 -1.960617972004
2.731534027988 8.179483639437 -3.527795779809
-1.960617972004 -3.527795779809 4.614565958531
3.326122379131 2.728260802040 -1.960929566532
2.728260802040 8.178019032622 -3.525711711358
-1.960929566532 -3.525711711358 4.612199234929
3.338888723014 2.701298005253 -1.965856298973
2.701298005253 8.172848754455 -3.510374568198
-1.965856298973 -3.510374568198 4.595379126298
