0.713214791619 0.037327857266 -1.026631871243
0.037327857266 0.173526711076 -0.056993146584
-1.026631871243 -0.056993146584 4.738653051512
0.712908627230 0.037513112771 -1.026685072325
0.037513112771 0.171921890795 -0.057275628516
-1.026685072325 -0.057275628516 4.738272388436
0.712217792240 0.037634049844 -1.026044179706
0.037634049844 0.170575818915 -0.057447396933
-1.026044179706 -0.057447396933 4.734782452560
0.711120807240 0.037698828527 -1.024697601807
0.037698828527 0.169414453972 -0.057519532279
-1.024697601807 -0.057519532279 4.728096206336
0.709588396479 0.037712881813 -1.022613777824
0.037712881813 0.168381057019 -0.057497751290
-1.022613777824 -0.057497751290 4.718037542502
0.707582686064 0.037679516340 -1.019740849954
0.037679516340 0.167431495537 -0.057383027192
-1.019740849954 -0.057383027192 4.704336761844
0.705056629821 0.037600362892 -1.016005814724
0.037600362892 0.166531066413 -0.057171803286
-1.016005814724 -0.057171803286 4.686623544411
0.701953765745 0.037475740620 -1.011313286747
0.037475740620 0.165652499544 -0.056855834903
-1.011313286747 -0.056855834903 4.664417634384
0.698208524827 0.037304992379 -1.005544066667
0.037304992379 0.164774970779 -0.056421652812
-1.005544066667 -0.056421652812 4.637117658441
0.693747474830 0.037086850893 -0.998553809132
0.037086850893 0.163884096348 -0.055849600375
-0.998553809132 -0.055849600375 4.603988845954
0.688492108080 0.036819906581 -0.990172255865
0.036819906581 0.162973020925 -0.055112352665
-0.990172255865 -0.055112352665 4.564150993696
0.682364102959 0.036503269055 -0.980203759157
0.036503269055 0.162044864926 -0.054172774548
-0.980203759157 -0.054172774548 4.516568920553
0.675294435149 0.036137547131 -0.968430204778
0.036137547131 0.161116978009 -0.052980913663
-0.968430204778 -0.052980913663 4.460049019409
0.667238315615 0.035726318287 -0.954617984551
0.035726318287 0.160227665012 -0.051469852920
-0.954617984551 -0.051469852920 4.393247482058
0.658198698078 0.035278318054 -0.938531392940
0.035278318054 0.159446307436 -0.049550070109
-0.938531392940 -0.049550070109 4.314698481840
0.648261988984 0.034810648640 -0.919955720070
0.034810648640 0.158888075977 -0.047101884757
-0.919955720070 -0.047101884757 4.222874085380
0.637650456307 0.034353370680 -0.898734293732
0.034353370680 0.158734651049 -0.043965548703
-0.898734293732 -0.043965548703 4.116291711214
0.626796309413 0.033955871407 -0.874824527968
0.033955871407 0.159262394126 -0.039928624662
-0.874824527968 -0.039928624662 3.993688801582
0.616441801162 0.033695336492 -0.848378120064
0.033695336492 0.160878972406 -0.034710614201
-0.848378120064 -0.034710614201 3.854286293587
0.607766779792 0.033687389990 -0.819848925639
0.033687389990 0.164168092824 -0.027945524505
-0.819848925639 -0.027945524505 3.698159232019
0.602538146099 0.034098361423 -0.790127249565
0.034098361423 0.169939140549 -0.019164438230
-0.790127249565 -0.019164438230 3.526719345376
0.603262680512 0.035157528374 -0.760689516149
0.035157528374 0.179273510333 -0.007782388859
-0.760689516149 -0.007782388859 3.343284061741
0.613304598128 0.037165981063 -0.733736209569
0.037165981063 0.193552045681 0.006903054341
-0.733736209569 0.006903054341 3.153653736171
0.636904044089 0.040496647890 -0.712269582660
0.040496647890 0.214439309600 0.025690706308
-0.712269582660 0.025690706308 2.966545109049
0.679011115148 0.045578244796 -0.700041944462
0.045578244796 0.243793878792 0.049419379046
-0.700041944462 0.049419379046 2.793651706729
0.744849285600 0.052855951749 -0.701298709917
0.052855951749 0.283476066371 0.078865598673
-0.701298709917 0.078865598673 2.649063264746
0.839165424156 0.062725437250 -0.720266758190
0.062725437250 0.335043631963 0.114594687557
-0.720266758190 0.114594687557 2.547839587673
0.965225801401 0.075445691723 -0.760412269013
0.075445691723 0.399366473004 0.156783320209
-0.760412269013 0.156783320209 2.503752801025
1.123761897919 0.091048524066 -0.823604226029
0.091048524066 0.476244922109 0.205055190887
-0.823604226029 0.205055190887 2.526569032506
1.312192116149 0.109272975805 -0.909423844497
0.109272975805 0.564157573787 0.258387782879
-0.909423844497 0.258387782879 2.619598436849
1.524453432417 0.129553386206 -1.014884589589
0.129553386206 0.660259424668 0.315142443418
-1.014884589589 0.315142443418 2.778372209587
1.751615183339 0.151075660548 -1.134723256463
0.151075660548 0.760681903227 0.373235353675
-1.134723256463 0.373235353675 2.991034166918
1.983163562984 0.172891637577 -1.262217051227
0.172891637577 0.861075610032 0.430415251966
-1.262217051227 0.430415251966 3.240421455596
2.208585647025 0.194058937831 -1.390279645107
0.194058937831 0.957241759790 0.484571760366
-1.390279645107 0.484571760366 3.507165262318
2.418791244467 0.213765901228 -1.512503230643
0.213765901228 1.045672795871 0.533989626425
-1.512503230643 0.533989626425 3.772824830046
2.607026084601 0.231411356841 -1.623879938838
0.231411356841 1.123875672639 0.577491912431
-1.623879938838 0.577491912431 4.022214039561
2.769161343825 0.246629238113 -1.721095951997
0.246629238113 1.190444758577 0.614460394733
-1.721095951997 0.614460394733 4.244532815875
2.903458464867 0.259266799887 -1.802448325166
0.259266799887 1.244933089960 0.644759759616
-1.802448325166 0.644759759616 4.433386846332
3.010019639595 0.269334972608 -1.867522307773
0.269334972608 1.287609989898 0.668609710908
-1.867522307773 0.668609710908 4.586061237779
3.090137723349 0.276949693874 -1.916777354512
0.276949693874 1.319190230004 0.686446629107
-1.916777354512 0.686446629107 4.702468293329
3.145698831622 0.282277729926 -1.951152223451
0.282277729926 1.340593551627 0.698803076135
-1.951152223451 0.698803076135 4.784095324798
3.178716035614 0.285493887319 -1.971748742263
0.285493887319 1.352763021293 0.706218555859
-1.971748742263 0.706218555859 4.833137656865
3.191013751398 0.286751294597 -1.979612400461
0.286751294597 1.356547739314 0.709183848540
-1.979612400461 0.709183848540 4.851882655832
3.184048537461 0.286163409487 -1.975603197313
0.286163409487 1.352642748135 0.708115210538
-1.975603197313 0.708115210538 4.842336808877
3.158839161023 0.283795252183 -1.960340037478
0.283795252183 1.341574624678 0.703352733580
-1.960340037478 0.703352733580 4.806055432371
3.115978923506 0.279661387905 -1.934201076584
0.279661387905 1.323721789561 0.695177490331
-1.934201076584 0.695177490331 4.744128998221
3.055709110053 0.273728760555 -1.897365789952
0.273728760555 1.299361063357 0.683843271115
-1.897365789952 0.683843271115 4.657287235057
2.978039138503 0.265923200159 -1.849888727633
0.265923200159 1.268734451266 0.669619721183
-1.849888727633 0.669619721183 4.546092147289
2.882903728622 0.256139061612 -1.791797942180
0.256139061612 1.232131392359 0.652843908905
-1.791797942180 0.652843908905 4.411198077642
2.770348812033 0.244251889389 -1.723211951670
0.244251889389 1.189981203666 0.633976485079
-1.723211951670 0.633976485079 4.253658039517
2.640735499644 0.230134186310 -1.644467511735
0.230134186310 1.142948062619 0.613656594323
-1.644467511735 0.613656594323 4.075249923280
2.494945564774 0.213674260510 -1.556246670176
0.213674260510 1.092016967388 0.592746872777
-1.556246670176 0.592746872777 3.878784817360
2.334563933074 0.194797717939 -1.459686503657
0.194797717939 1.038554701929 0.572356979916
-1.459686503657 0.572356979916 3.668345716836
2.162006191697 0.173490480566 -1.356450357462
0.173490480566 0.984326684639 0.553832469216
-1.356450357462 0.553832469216 3.449393946788
1.980555907655 0.149821338733 -1.248737844473
0.149821338733 0.931451069360 0.538697080401
-1.248737844473 0.538697080401 3.228680357947
1.794281689253 0.123961188453 -1.139214987154
0.123961188453 0.882277881680 0.528542240559
-1.139214987154 0.528542240559 3.013916368978
1.607820147222 0.096195560060 -1.030857358750
0.096195560060 0.839194280425 0.524868105783
-1.030857358750 0.524868105783 2.813199979254
1.426037341024 0.066927148854 -0.926717073053
0.066927148854 0.804375530954 0.528894232343
-0.926717073053 0.528894232343 2.634249499820
1.253612071234 0.036666052132 -0.829644819291
0.036666052132 0.779520011051 0.541370974337
-0.829644819291 0.541370974337 2.483558190684
1.094609531506 0.006007288524 -0.742014038600
0.006007288524 0.765618471402 0.562429677774
-0.742014038600 0.562429677774 2.365624331360
0.952123009979 -0.024402435299 -0.665498967363
-0.024402435299 0.762806619156 0.591506394053
-0.665498967363 0.591506394053 2.282413372574
0.828048972613 -0.053904492015 -0.600948284121
-0.053904492015 0.770334024078 0.627359456223
-0.600948284121 0.627359456223 2.233164417281
0.723029799447 -0.081869014983 -0.548373916811
-0.081869014983 0.786655685337 0.668179834402
-0.548373916811 0.668179834402 2.214574053506
0.636559241959 -0.107730795730 -0.507047735553
-0.107730795730 0.809624393204 0.711771982212
-0.507047735553 0.711771982212 2.221303417270
0.567211712492 -0.131015956375 -0.475676523906
-0.131015956375 0.836741851712 0.755769087057
-0.475676523906 0.755769087057 2.246688931614
0.512937795803 -0.151357098458 -0.452614304157
-0.151357098458 0.865420075256 0.797844029658
-0.452614304157 0.797844029658 2.283512094953
0.471367666307 -0.168496968907 -0.436072213050
-0.168496968907 0.893211591812 0.835885042951
-0.436072213050 0.835885042951 2.324699867059
0.440077303960 -0.182282584810 -0.424296447909
-0.182282584810 0.917982506654 0.868118655491
-0.424296447909 0.868118655491 2.363870748997
0.416791946250 -0.192652856582 -0.415698901342
-0.192652856582 0.938019917675 0.893176701540
-0.415698901342 0.893176701540 2.395693065600
0.399519921126 -0.199623001716 -0.408938048257
-0.199623001716 0.952079271117 0.910115002500
-0.408938048257 0.910115002500 2.416065079152
0.386623489239 -0.203268642250 -0.402956578932
-0.203268642250 0.959385497039 0.918397097744
-0.402956578932 0.918397097744 2.422153176538
0.376840356574 -0.203711716158 -0.396986546113
-0.203711716158 0.959604219681 0.917857466434
-0.396986546113 0.917857466434 2.412333958807
0.369271092343 -0.201109469150 -0.390533270629
-0.201109469150 0.952797558263 0.908656475143
-0.390533270629 0.908656475143 2.386082813743
0.363345733393 -0.195647004966 -0.383347369455
-0.195647004966 0.939374976830 0.891235455985
-0.383347369455 0.891235455985 2.343841088486
0.358779278792 -0.187533242594 -0.375391390600
-0.187533242594 0.920044955207 0.866276182353
-0.375391390600 0.866276182353 2.286881163944
0.355521984750 -0.176999672398 -0.366804634047
-0.176999672398 0.895769023125 0.834665386848
-0.366804634047 0.834665386848 2.217176834422
0.353707199239 -0.164301000256 -0.357867368996
-0.164301000256 0.867716507265 0.797462265536
-0.357867368996 0.797462265536 2.137277182844
0.353597321606 -0.149716593604 -0.348964079090
-0.149716593604 0.837216438683 0.755865287853
-0.348964079090 0.755865287853 2.050176366386
0.355527449040 -0.133551580879 -0.340544649466
-0.133551580879 0.805702540143 0.711174122221
-0.340544649466 0.711174122221 1.959169601753
0.359846332329 -0.116136507348 -0.333082522498
-0.116136507348 0.774648056842 0.664743089347
-0.333082522498 0.664743089347 1.867687108113
0.366855251333 -0.097824626922 -0.327029692127
-0.097824626922 0.745489312935 0.617924211821
-0.327029692127 0.617924211821 1.779102536855
0.376747066661 -0.078986219806 -0.322769795646
-0.078986219806 0.719540008923 0.572000469896
-0.322769795646 0.572000469896 1.696519820528
0.389549608167 -0.059999759087 -0.320572205573
-0.059999759087 0.697901919063 0.528112942412
-0.320572205573 0.528112942412 1.622551179086
0.405079202387 -0.041240262511 -0.320551523208
-0.041240262511 0.681381040039 0.487188533057
-0.320551523208 0.487188533057 1.559107386179
0.422910951515 -0.023065680186 -0.322637772854
-0.023065680186 0.670420454178 0.449877220020
-0.322637772854 0.449877220020 1.507227078719
0.442371881896 -0.005802582274 -0.326562487484
-0.005802582274 0.665061337344 0.416508493099
-0.326562487484 0.416508493099 1.466972777597
0.462561074511 0.010267375787 -0.331864554939
0.010267375787 0.664941167743 0.387075376889
-0.331864554939 0.387075376889 1.437416123514
0.482397569808 0.024918780888 -0.337917264276
0.024918780888 0.669333417847 0.361251175019
-0.337917264276 0.361251175019 1.416723865823
0.500692814759 0.037990458678 -0.343974899806
0.037990458678 0.677226695432 0.338439367724
-0.343974899806 0.338439367724 1.402341331665
0.516240568223 0.049389503921 -0.349234157643
0.049389503921 0.687434830462 0.317851963637
-0.349234157643 0.317851963637 1.391254690794
0.527914376342 0.059091258131 -0.352903317058
0.059091258131 0.698724285399 0.298607204190
-0.352903317058 0.298607204190 1.380300868645
0.534761562845 0.067135621867 -0.354270996540
0.067135621867 0.709942632335 0.279834777093
-0.354270996540 0.279834777093 1.366487158237
0.536083284600 0.073620391030 -0.352766619163
0.073620391030 0.720132119832 0.260776041127
-0.352766619163 0.260776041127 1.347282501194
0.531492273588 0.078692403476 -0.348006198489
0.078692403476 0.728615214638 0.240868055514
-0.348006198489 0.240868055514 1.320848322597
0.520942849832 0.082537209843 -0.339819290443
0.082537209843 0.735043583482 0.219802887620
-0.339819290443 0.219802887620 1.286186730688
0.504731045974 0.085367824187 -0.328255440828
0.085367824187 0.739407243912 0.197557050673
-0.328255440828 0.197557050673 1.243195468125
0.483465790426 0.087412962374 -0.313570796825
0.087412962374 0.742005679332 0.174389423109
-0.313570796825 0.174389423109 1.192630263042
0.458014822888 0.088905113306 -0.296197516851
0.088905113306 0.743387006753 0.150809283584
-0.296197516851 0.150809283584 1.135984979737
0.429431277861 0.090068837175 -0.276700119112
0.090068837175 0.744264507016 0.127519017296
-0.276700119112 0.127519017296 1.075307689580
0.398868600619 0.091109818077 -0.255723927221
0.091109818077 0.745421822268 0.105338524147
-0.255723927221 0.105338524147 1.012976261854
0.367492510624 0.092205343934 -0.233941262796
0.092205343934 0.747618771865 0.085120223799
-0.233941262796 0.085120223799 0.951460063659
0.336398879484 0.093496955986 -0.212000933415
0.093496955986 0.751508931595 0.067664525013
-0.212000933415 0.067664525013 0.893094471862
0.306545451853 0.095085931775 -0.190485820359
0.095085931775 0.757577868221 0.053645394635
-0.190485820359 0.053645394635 0.839891815008
0.278703291115 0.097032016158 -0.169882024073
0.097032016158 0.766107464739 0.043554055760
-0.169882024073 0.043554055760 0.793406178701
0.253430935710 0.099355431937 -0.150561255399
0.099355431937 0.777167649403 0.037665998425
-0.150561255399 0.037665998425 0.754661020584
0.231071025964 0.102041773123 -0.132776273234
0.102041773123 0.790632809687 0.036032883583
-0.132776273234 0.036032883583 0.724139219956
0.211766244575 0.105049016714 -0.116667517632
0.105049016714 0.806217002937 0.038497286553
-0.116667517632 0.038497286553 0.701826813051
0.195489362963 0.108315671032 -0.102277963458
0.108315671032 0.823520319000 0.044725300855
-0.102277963458 0.044725300855 0.687295783284
0.182081301163 0.111769050088 -0.089572765905
0.111769050088 0.842078572713 0.054250329182
-0.089572765905 0.054250329182 0.679808724348
0.171291370735 0.115332808489 -0.078460450904
0.115332808489 0.861409673210 0.066521086028
-0.078460450904 0.066521086028 0.678428914190
0.162814991647 0.118933131956 -0.068813046573
0.118933131956 0.881052025372 0.080947728290
-0.068813046573 0.080947728290 0.682122521081
0.156325736462 0.122503279722 -0.060483419194
0.122503279722 0.900592578446 0.096941681674
-0.060483419194 0.096941681674 0.689844119775
0.151500151560 0.125986449904 -0.053318947190
0.125986449904 0.919684155367 0.113946642855
-0.053318947190 0.113946642855 0.700601263067
0.148035141508 0.129337144460 -0.047171384725
0.129337144460 0.938053175764 0.131459992567
-0.047171384725 0.131459992567 0.713497683590
0.145658634235 0.132521330984 -0.041903261147
0.132521330984 0.955499735955 0.149045195803
-0.041903261147 0.149045195803 0.727757367909
0.144134757390 0.135515741197 -0.037391432078
0.135515741197 0.971892298063 0.166336602708
-0.037391432078 0.166336602708 0.742733202816
0.143264921895 0.138306630163 -0.033528484526
0.138306630163 0.987159120168 0.183038436289
-0.033528484526 0.183038436289 0.757904343918
0.142886134273 0.140888269126 -0.030222660889
0.140888269126 1.001278200614 0.198919770561
-0.030222660889 0.198919770561 0.772866208320
0.142867651138 0.143261379043 -0.027396861439
0.143261379043 1.014267058128 0.213807094780
-0.027396861439 0.213807094780 0.787316355170
0.143106831222 0.145431646201 -0.024987155442
0.145431646201 1.026173227183 0.227575741857
-0.024987155442 0.227575741857 0.801038736721
0.143524788588 0.147408404545 -0.022941105830
0.147408404545 1.037065972879 0.240141117447
-0.022941105830 0.240141117447 0.813888043758
0.144062235479 0.149203525218 -0.021216106084
0.149203525218 1.047029443971 0.251450354106
-0.021216106084 0.251450354106 0.825775222734
0.144675736001 0.150830522608 -0.019777845972
0.150830522608 1.056157285843 0.261474758470
-0.019777845972 0.261474758470 0.836654741587
0.145334471774 0.152303866323 -0.018598964207
0.152303866323 1.064548614129 0.270203225843
-0.018598964207 0.270203225843 0.846513824857
0.146017541114 0.153638477436 -0.017657907330
0.153638477436 1.072305186616 0.277636661430
-0.017657907330 0.277636661430 0.855363645702
0.146711765152 0.154849382693 -0.016937990512
0.154849382693 1.079529588638 0.283783360926
-0.016937990512 0.283783360926 0.863232325320
0.147409948888 0.155951499881 -0.016426643279
0.155951499881 1.086324250838 0.288655253785
-0.016426643279 0.288655253785 0.870159522262
0.148109534991 0.156959529609 -0.016114817634
0.156959529609 1.092791136555 0.292264889582
-0.016114817634 0.292264889582 0.876192372353
0.148811587534 0.157887932079 -0.015996535024
0.157887932079 1.099031961540 0.294623042566
-0.015996535024 0.294623042566 0.881382546622
0.149520047626 0.158750971196 -0.016068550110
0.158750971196 1.105148835918 0.295736815023
-0.016068550110 0.295736815023 0.885784217145
0.150241210261 0.159562812167 -0.016330112009
0.159562812167 1.111245244386 0.295608131397
-0.016330112009 0.295608131397 0.889452750297
0.150983379936 0.160337662169 -0.016782806822
0.160337662169 1.117427303960 0.294232529111
-0.016782806822 0.294232529111 0.892443978166
0.151756670588 0.161089946676 -0.017430468369
0.161089946676 1.123805258400 0.291598166502
-0.017430468369 0.291598166502 0.894813928717
0.152572922660 0.161834516532 -0.018279146801
0.161834516532 1.130495184830 0.287684982063
-0.018279146801 0.287684982063 0.896618921950
0.153445716357 0.162586882948 -0.019337127176
0.162586882948 1.137620900989 0.282463951740
-0.019337127176 0.282463951740 0.897915962209
0.154390465350 0.163363479126 -0.020614991949
0.163363479126 1.145316071417 0.275896402086
-0.020614991949 0.275896402086 0.898763375849
0.155424579350 0.164181948457 -0.022125722834
0.164181948457 1.153726517890 0.267933346817
-0.022125722834 0.267933346817 0.899221658837
