0.377411660155 -0.030064682148 0.697152560451
-0.030064682148 1.500569816883 1.374898561872
0.697152560451 1.374898561872 8.698644395795
0.375660242839 -0.029893781936 0.693831199435
-0.029893781936 1.493657402970 1.368490416003
0.693831199435 1.368490416003 8.657477039587
0.373461390860 -0.029670053175 0.689636214174
-0.029670053175 1.484994017171 1.360437107754
0.689636214174 1.360437107754 8.605559341304
0.370694345819 -0.029373619137 0.684316424870
-0.029373619137 1.474116245616 1.350289671627
0.684316424870 1.350289671627 8.539846853393
0.367207775245 -0.028975656519 0.677546323931
-0.028975656519 1.460449723765 1.337482015610
0.677546323931 1.337482015610 8.456424613103
0.362815302155 -0.028433752656 0.668906056183
-0.028433752656 1.443298346961 1.321310844780
0.668906056183 1.321310844780 8.350294835291
0.357293679844 -0.027684645931 0.657858515419
-0.027684645931 1.421848604591 1.300922711244
0.657858515419 1.300922711244 8.215153383837
0.350387378907 -0.026632894504 0.643725678918
-0.026632894504 1.395206873151 1.275320343627
0.643725678918 1.275320343627 8.043196900705
0.341826213457 -0.025133377328 0.625669171789
-0.025133377328 1.362500288362 1.243410035798
0.625669171789 1.243410035798 7.825045962337
0.331366699015 -0.022964907482 0.602684901386
-0.022964907482 1.323089520128 1.204125795841
0.602684901386 1.204125795841 7.549938585336
0.318872466707 -0.019792172388 0.573628846430
-0.019792172388 1.276960889866 1.156682346075
0.573628846430 1.156682346075 7.206442926880
0.304451556487 -0.015115044053 0.537299952295
-0.015115044053 1.225372528775 1.101019422300
0.537299952295 1.101019422300 6.784035016845
0.288661979084 -0.008210630173 0.492612622528
-0.008210630173 1.171792523798 1.038482142112
0.492612622528 1.038482142112 6.275910090075
0.272769247528 0.001912042294 0.438885621283
0.001912042294 1.123029616392 0.972695776472
0.438885621283 0.972695776472 5.683180181541
0.258976953009 0.016500134763 0.376239727405
0.016500134763 1.090159644308 0.910391173604
0.376239727405 0.910391173604 5.019921610358
0.250457945220 0.036916422810 0.306018687012
0.036916422810 1.088423181977 0.861627372473
0.306018687012 0.861627372473 4.317263036992
0.250947548123 0.064299105070 0.231041414635
0.064299105070 1.134999383952 0.838623377818
0.231041414635 0.838623377818 3.623326269875
0.263750595033 0.099027427915 0.155435485335
0.099027427915 1.244056778244 0.852670086232
0.155435485335 0.852670086232 2.995827857060
0.290365244279 0.140167150609 0.083914737879
0.140167150609 1.420198597939 0.909701747586
0.083914737879 0.909701747586 2.487266114922
0.329391012769 0.185229245686 0.020679482904
0.185229245686 1.653586715183 1.006621849768
0.020679482904 1.006621849768 2.128283881042
0.376497558788 0.230521329465 -0.031569626237
0.230521329465 1.920387327477 1.130904806696
-0.031569626237 1.130904806696 1.918337862243
0.425656746293 0.272029981622 -0.072025284259
0.272029981622 2.189267475938 1.264234231850
-0.072025284259 1.264234231850 1.829306381853
0.470981249338 0.306401069990 -0.101478044921
0.306401069990 2.430538654745 1.388196261174
-0.101478044921 1.388196261174 1.819059538531
0.508182365081 0.331541397855 -0.121637940724
0.331541397855 2.623116025139 1.488916756083
-0.121637940724 1.488916756083 1.846332180640
0.535099270555 0.346666475973 -0.134473885657
0.346666475973 2.756758876578 1.558849149915
-0.134473885657 1.558849149915 1.879958639713
0.551418254109 0.351951608135 -0.141793148386
0.351951608135 2.830335450553 1.596010488215
-0.141793148386 1.596010488215 1.901110729500
0.558032156732 0.348061763576 -0.145072912653
0.348061763576 2.848409184781 1.602039015002
-0.145072912653 1.602039015002 1.901085177807
0.556428949835 0.335760781543 -0.145456589961
0.335760781543 2.818068746169 1.580288391412
-0.145456589961 1.580288391412 1.877746913204
0.548287616734 0.315674800423 -0.143826458787
0.315674800423 2.746853724340 1.534531303538
-0.143826458787 1.534531303538 1.832504675813
0.535293749039 0.288201346156 -0.140898379798
0.288201346156 2.641811695646 1.468332493922
-0.140898379798 1.468332493922 1.768405249632
0.519113352442 0.253527020905 -0.137314140699
0.253527020905 2.509373982520 1.384922978981
-0.137314140699 1.384922978981 1.689224468379
0.501449895760 0.211719955296 -0.133722335958
0.211719955296 2.355690627430 1.287369906802
-0.133722335958 1.287369906802 1.599213153157
0.484118101066 0.162874678953 -0.130842624023
0.162874678953 2.187124063722 1.178869694345
-0.130842624023 1.178869694345 1.503165112961
0.469078177411 0.107293429436 -0.129505907088
0.107293429436 2.010661058236 1.063028151573
-0.129505907088 1.063028151573 1.406539794707
0.458383521764 0.045683938680 -0.130658912163
0.045683938680 1.834042863957 0.944013151840
-0.130658912163 0.944013151840 1.315432104551
0.454011040940 -0.020660167365 -0.135320138523
-0.020660167365 1.665461966354 0.826485866537
-0.135320138523 0.826485866537 1.236242300825
0.457576028040 -0.089747873351 -0.144479667370
-0.089747873351 1.512773311481 0.715259863870
-0.144479667370 0.715259863870 1.174990815160
0.469984881709 -0.158908535950 -0.158950778728
-0.158908535950 1.382339456566 0.614719848899
-0.158950778728 0.614719848899 1.136364880813
0.491133062603 -0.224983725333 -0.179204174791
-0.224983725333 1.277833147090 0.528140916340
-0.179204174791 0.528140916340 1.122748220606
0.519778909358 -0.284690039398 -0.205235323127
-0.284690039398 1.199447884473 0.457133977213
-0.205235323127 0.457133977213 1.133588600332
0.553684452329 -0.335081760706 -0.236516976023
-0.335081760706 1.143895719823 0.401437655092
-0.236516976023 0.401437655092 1.165405771343
0.590014091929 -0.373988292821 -0.272063863045
-0.373988292821 1.105279219311 0.359155255016
-0.272063863045 0.359155255016 1.212513542443
0.625870371725 -0.400297734502 -0.310593603616
-0.400297734502 1.076551160865 0.327351263628
-0.310593603616 0.327351263628 1.268230911008
0.658790434356 -0.414013435189 -0.350730421348
-0.414013435189 1.051043839478 0.302782400819
-0.350730421348 0.302782400819 1.326164349921
0.687059080888 -0.416095210873 -0.391187394990
-0.416095210873 1.023590386547 0.282521345287
-0.391187394990 0.282521345287 1.381165621692
0.709786672358 -0.408164740344 -0.430881593920
-0.408164740344 0.991012306874 0.264326642177
-0.430881593920 0.264326642177 1.429766187281
0.726792468353 -0.392176517846 -0.468969318757
-0.392176517846 0.952030490401 0.246743031260
-0.468969318757 0.246743031260 1.470120405876
0.738382405688 -0.370134775846 -0.504816701674
-0.370134775846 0.906824162518 0.229008136944
-0.504816701674 0.229008136944 1.501634564744
0.745109217571 -0.343896492926 -0.537934024291
-0.343896492926 0.856481513501 0.210868193297
-0.537934024291 0.210868193297 1.524485186355
0.747573186348 -0.315064058389 -0.567901380329
-0.315064058389 0.802512347141 0.192384789805
-0.567901380329 0.192384789805 1.539177591764
0.746288006565 -0.284949518890 -0.594305401378
-0.284949518890 0.746499169098 0.173777519937
-0.594305401378 0.173777519937 1.546221357354
0.741612079466 -0.254585425541 -0.616697866307
-0.254585425541 0.689892831932 0.155315802968
-0.616697866307 0.155315802968 1.545940260662
0.733733702179 -0.224759728290 -0.634580270741
-0.224759728290 0.633923011416 0.137254687343
-0.634580270741 0.137254687343 1.538401463751
0.722695638043 -0.196058374072 -0.647414284313
-0.196058374072 0.579584413864 0.119802544645
-0.647414284313 0.119802544645 1.523436907688
0.708445844523 -0.168905693976 -0.654655566041
-0.168905693976 0.527664319422 0.103108626595
-0.654655566041 0.103108626595 1.500729494807
0.690903297633 -0.143597767906 -0.655806526239
-0.143597767906 0.478786393618 0.087261449315
-0.655806526239 0.087261449315 1.469939727168
0.670029223362 -0.120327453523 -0.650481597991
-0.120327453523 0.433454615875 0.072292444527
-0.650481597991 0.072292444527 1.430850782102
0.645894367042 -0.099201920222 -0.638476308333
-0.099201920222 0.392087967580 0.058182163773
-0.638476308333 0.058182163773 1.383510469198
0.618732832978 -0.080254694876 -0.619829415546
-0.080254694876 0.355041261687 0.044868202904
-0.619829415546 0.044868202904 1.328348202187
0.588973542827 -0.063454670560 -0.594866511301
-0.063454670560 0.322610871940 0.032254947086
-0.594866511301 0.032254947086 1.266246154022
0.557242446591 -0.048714410806 -0.564214728375
-0.048714410806 0.295026773597 0.020225378620
-0.564214728375 0.020225378620 1.198548216468
0.524332688291 -0.035899511566 -0.528782064505
-0.035899511566 0.272434522402 0.008654773959
-0.528782064505 0.008654773959 1.126999227453
0.491145527447 -0.024839901041 -0.489700983737
-0.024839901041 0.254872456554 -0.002574561205
-0.489700983737 -0.002574561205 1.053619271945
0.458610632208 -0.015342970741 -0.448243050977
-0.015342970741 0.242250146631 -0.013558980733
-0.448243050977 -0.013558980733 0.980530910988
0.427598643438 -0.007207589045 -0.405717415454
-0.007207589045 0.234333617376 -0.024361334137
-0.405717415454 -0.024361334137 0.909767146619
0.398840216134 -0.000237566452 -0.363369120260
-0.000237566452 0.230741114192 -0.035002447437
-0.363369120260 -0.035002447437 0.843091565576
0.372863613273 0.005746884220 -0.322292534763
0.005746884220 0.230950617852 -0.045457099678
-0.322292534763 -0.045457099678 0.781858294303
0.349958125819 0.010900782675 -0.283371080311
0.010900782675 0.234317694191 -0.055654529847
-0.283371080311 -0.055654529847 0.726929706142
0.330164785443 0.015349633954 -0.247248376962
0.015349633954 0.240100434009 -0.065482856445
-0.247248376962 -0.065482856445 0.678657838051
0.313290868489 0.019188292199 -0.214329944343
0.019188292199 0.247487788278 -0.074796590273
-0.214329944343 -0.074796590273 0.636925273878
0.298941888347 0.022483126332 -0.184810250170
0.022483126332 0.255628725255 -0.083426817411
-0.184810250170 -0.083426817411 0.601235830511
0.286564589810 0.025277190041 -0.158717962843
0.025277190041 0.263662118269 -0.091194598401
-0.158717962843 -0.091194598401 0.570845757634
0.275496511018 0.027598387379 -0.135972546734
0.027598387379 0.270750596341 -0.097929474287
-0.135972546734 -0.097929474287 0.544931250628
0.265021011611 0.029471038057 -0.116446965663
0.029471038057 0.276124957673 -0.103496296737
-0.116446965663 -0.103496296737 0.522794978557
0.254429983349 0.030931509362 -0.100032986698
0.030931509362 0.279147943144 -0.107834222597
-0.100032986698 -0.107834222597 0.504118488144
0.243098190058 0.032048286631 -0.086706042595
0.032048286631 0.279405292806 -0.111010529098
-0.086706042595 -0.111010529098 0.489262535392
0.230571495239 0.032945491907 -0.076584591818
0.032945491907 0.276825413452 -0.113287426415
-0.076584591818 -0.113287426415 0.479596369509
0.216664402194 0.033826022858 -0.069973826154
0.033826022858 0.271814109627 -0.115190993374
-0.069973826154 -0.115190993374 0.477794662052
0.201549994795 0.034986385408 -0.067376508104
0.034986385408 0.265367787508 -0.117558277572
-0.067376508104 -0.117558277572 0.487981917804
0.185810806113 0.036811539987 -0.069448763656
0.036811539987 0.259104364306 -0.121526270396
-0.069448763656 -0.121526270396 0.515554424938
0.170411138853 0.039738058034 -0.076883075183
0.039738058034 0.255142683112 -0.128425257734
-0.076883075183 -0.128425257734 0.566519890308
0.156562163021 0.044181479872 -0.090221466655
0.044181479872 0.255790237924 -0.139561177805
-0.090221466655 -0.139561177805 0.646319924521
0.145487433160 0.050439681659 -0.109637596210
0.050439681659 0.263074021110 -0.155919906414
-0.109637596210 -0.155919906414 0.758344137867
0.138147306076 0.058601852733 -0.134760483831
0.058601852733 0.278243805201 -0.177881790752
-0.134760483831 -0.177881790752 0.902602798568
0.135015698091 0.068499895136 -0.164618066781
0.068499895136 0.301430396335 -0.205059190093
-0.164618066781 -0.205059190093 1.075109780957
0.135991706964 0.079726405751 -0.197740058538
0.079726405751 0.331600429509 -0.236333884163
-0.197740058538 -0.236333884163 1.268309285887
0.140471193384 0.091715224145 -0.232392526010
0.091715224145 0.366823605728 -0.270086680714
-0.232392526010 -0.270086680714 1.472439518532
0.147534523183 0.103853988291 -0.266861870456
0.103853988291 0.404734600523 -0.304529912056
-0.266861870456 -0.304529912056 1.677332041052
0.156168675698 0.115589339533 -0.299696120414
0.115589339533 0.443012029539 -0.338024404849
-0.299696120414 -0.338024404849 1.874034974786
0.165450130963 0.126496499646 -0.329845414690
0.126496499646 0.479731733665 -0.369293865755
-0.329845414690 -0.369293865755 2.055839974975
0.174651992775 0.136305058628 -0.356693003382
0.136305058628 0.513537631112 -0.397509519276
-0.356693003382 -0.397509519276 2.218611401622
0.183276537444 0.144889272029 -0.380004468024
0.144889272029 0.543651346090 -0.422267841392
-0.380004468024 -0.422267841392 2.360566841906
0.191035754377 0.152238127953 -0.399835319664
0.152238127953 0.569780322905 -0.443506105969
-0.399835319664 -0.443506105969 2.481757090235
0.197806350863 0.158419308478 -0.416431170941
0.158419308478 0.591985372278 -0.461397877004
-0.416431170941 -0.461397877004 2.583468008895
0.203579472042 0.163546286140 -0.430141302432
0.163546286140 0.610550496345 -0.476256398440
-0.430141302432 -0.476256398440 2.667686002457
0.208416600856 0.167752763108 -0.441353935508
0.167752763108 0.625876767178 -0.488458902932
-0.441353935508 -0.488458902932 2.736688783734
0.212415988384 0.171175138782 -0.450453287716
0.171175138782 0.638406305673 -0.498394284786
-0.450453287716 -0.498394284786 2.792768344406
0.215689672037 0.173941861052 -0.457794518812
0.173941861052 0.648573630975 -0.506431007258
-0.457794518812 -0.506431007258 2.838065344200
0.218349203386 0.176167910002 -0.463691625446
0.176167910002 0.656778225380 -0.512900200128
-0.463691625446 -0.512900200128 2.874485603171
0.220497736624 0.177952730639 -0.468413811998
0.177952730639 0.663371851819 -0.518089028251
-0.468413811998 -0.518089028251 2.903671200497
0.222226370807 0.179380271551 -0.472186885427
0.179380271551 0.668655234646 -0.522240376172
-0.472186885427 -0.522240376172 2.927004527934
0.223613121862 0.180520171655 -0.475197270163
0.180520171655 0.672880140018 -0.525556012893
-0.475197270163 -0.525556012893 2.945630000840
0.224723385481 0.181429467077 -0.477597100226
0.181429467077 0.676254184772 -0.528201368399
-0.477597100226 -0.528201368399 2.960483481598
0.225611146990 0.182154436892 -0.479509473482
0.182154436892 0.678946701426 -0.530310781060
-0.479509473482 -0.530310781060 2.972323432067
0.226320482209 0.182732375431 -0.481033374994
0.182732375431 0.681094688395 -0.531992575799
-0.481033374994 -0.531992575799 2.981760506383
0.226887088267 0.183193187220 -0.482248042154
0.183193187220 0.682808334218 -0.533333655058
-0.482248042154 -0.533333655058 2.989284010322
0.227339708101 0.183560765822 -0.483216701297
0.183560765822 0.684175888632 -0.534403479614
-0.483216701297 -0.534403479614 2.995284678733
0.227701388216 0.183854154574 -0.483989691535
0.183854154574 0.685267818425 -0.535257426562
-0.483989691535 -0.535257426562 3.000073793249
0.227990552903 0.184088505910 -0.484607033601
0.184088505910 0.686140274977 -0.535939568716
-0.484607033601 -0.535939568716 3.003898948973
0.228221901414 0.184275863977 -0.485100517667
0.184275863977 0.686837942798 -0.536484944496
-0.485100517667 -0.536484944496 3.006956896498
0.228407145747 0.184425797149 -0.485495385962
0.184425797149 0.687396353748 -0.536921393975
-0.485495385962 -0.536921393975 3.009403908556
0.228555610673 0.184545905814 -0.485811680603
0.184545905814 0.687843752220 -0.537271033752
-0.485811680603 -0.537271033752 3.011364094579
