0.706119812122 0.036368251829 -1.027577734617
0.036368251829 0.166996891346 -0.064088114489
-1.027577734617 -0.064088114489 4.763278185255
0.704984745988 0.036381200934 -1.025983581058
0.036381200934 0.166326035855 -0.064040200317
-1.025983581058 -0.064040200317 4.755659123323
0.703541470025 0.036357879774 -1.023885484747
0.036357879774 0.165711496257 -0.063932647722
-1.023885484747 -0.063932647722 4.745700521729
0.701756454843 0.036298665035 -1.021231537551
0.036298665035 0.165135251537 -0.063762069349
-1.021231537551 -0.063762069349 4.733146469987
0.699589287251 0.036202938337 -1.017956167465
0.036202938337 0.164582408398 -0.063522679557
-1.017956167465 -0.063522679557 4.717674228943
0.696992137980 0.036069170113 -1.013978539360
0.036069170113 0.164040783183 -0.063205958143
-1.013978539360 -0.063205958143 4.698884838340
0.693909421965 0.035894990391 -1.009200764598
0.035894990391 0.163500824931 -0.062800128675
-1.009200764598 -0.062800128675 4.676292109461
0.690277847206 0.035677267296 -1.003506035022
0.035677267296 0.162955930747 -0.062289404586
-1.003506035022 -0.062289404586 4.649310187540
0.686027165808 0.035412220724 -0.996756886723
0.035412220724 0.162403259371 -0.061652933877
-0.996756886723 -0.061652933877 4.617240138541
0.681082115213 0.035095609766 -0.988793940280
0.035095609766 0.161845219620 -0.060863344060
-0.988793940280 -0.060863344060 4.579256460417
0.675366291661 0.034723049755 -0.979435679433
0.034723049755 0.161291904709 -0.059884750785
-0.979435679433 -0.059884750785 4.534395123506
0.668809059764 0.034290540126 -0.968480148332
0.034290540126 0.160764869550 -0.058670044163
-0.968480148332 -0.058670044163 4.481545818986
0.661357101255 0.033795319892 -0.955709902036
0.033795319892 0.160302813033 -0.057157205369
-0.955709902036 -0.057157205369 4.419452673328
0.652992864533 0.033237215058 -0.940902167359
0.033237215058 0.159969933411 -0.055264334486
-0.940902167359 -0.055264334486 4.346729912751
0.643762987555 0.032620701544 -0.923846974385
0.032620701544 0.159867961330 -0.052882997878
-0.923846974385 -0.052882997878 4.261901935743
0.633820652168 0.031957972971 -0.904376963687
0.031957972971 0.160153102926 -0.049869451982
-0.904376963687 -0.049869451982 4.163480927257
0.623486566271 0.031273359446 -0.882413506592
0.031273359446 0.161059251781 -0.046033317632
-0.882413506592 -0.046033317632 4.050099130486
0.613333381265 0.030609457295 -0.858034327392
0.030609457295 0.162928668724 -0.041123452082
-0.858034327392 -0.041123452082 3.920716103074
0.604296950706 0.030035236809 -0.831567269106
0.030035236809 0.166250561011 -0.034811239552
-0.831567269106 -0.034811239552 3.774921489615
0.597813508466 0.029656092471 -0.803711999626
0.029656092471 0.171706129496 -0.026672504723
-0.803711999626 -0.026672504723 3.613347148667
0.595972707805 0.029625148376 -0.775684635201
0.029625148376 0.180215086543 -0.016170991875
-0.775684635201 -0.016170991875 3.438183185101
0.601660726428 0.030153993411 -0.749367704077
0.030153993411 0.192972885352 -0.002649008796
-0.749367704077 -0.002649008796 3.253754112088
0.618645125784 0.031519369746 -0.727428933293
0.031519369746 0.211460134147 0.014665773380
-0.727428933293 0.014665773380 3.067050373740
0.651528039288 0.034060460153 -0.713349749174
0.034060460153 0.237397739167 0.036625206668
-0.713349749174 0.036625206668 2.888033192066
0.705478380023 0.038160159587 -0.711287144039
0.038160159587 0.272617770472 0.064084315894
-0.711287144039 0.064084315894 2.729463270057
0.785667475770 0.044204564474 -0.725697202581
0.044204564474 0.318828145181 0.097775744696
-0.725697202581 0.097775744696 2.605997571497
0.896398047718 0.052519540164 -0.760694406719
0.052519540164 0.377276158552 0.138140770556
-0.760694406719 0.138140770556 2.532417215231
1.040039511507 0.063292165292 -0.819215617182
0.063292165292 0.448361996418 0.185144809158
-0.819215617182 0.185144809158 2.521127298296
1.216029078368 0.076495740082 -0.902177985989
0.076495740082 0.531304165889 0.238128507542
-0.902177985989 0.238128507542 2.579447220846
1.420288232698 0.091844092230 -1.007904420516
0.091844092230 0.623984366392 0.295755396774
-1.007904420516 0.295755396774 2.707507091397
1.645349992519 0.108797536194 -1.132066126848
0.108797536194 0.723069599181 0.356099874840
-1.132066126848 0.356099874840 2.897553899929
1.881271448384 0.126627054279 -1.268233768464
0.126627054279 0.824420725297 0.416874455619
-1.268233768464 0.416874455619 3.135049163480
2.117109115539 0.144521399578 -1.408900032440
0.144521399578 0.923687038344 0.475741925811
-1.408900032440 0.475741925811 3.401270634127
2.342522552656 0.161705649517 -1.546660391158
0.161705649517 1.016915698309 0.530625406034
-1.546660391158 0.530625406034 3.676574352002
2.549060090003 0.177538080343 -1.675210970306
0.177538080343 1.101011806269 0.579935331010
-1.675210970306 0.579935331010 3.943329558379
2.730855421339 0.191564514436 -1.789940744587
0.191564514436 1.173958686115 0.622670742717
-1.789940744587 0.622670742717 4.187830646217
2.884706382034 0.203527026372 -1.888074022003
0.203527026372 1.234801147755 0.658399207518
-1.888074022003 0.658399207518 4.400985530655
3.009691807613 0.213337766997 -1.968462035353
0.213337766997 1.283460889201 0.687152403752
-1.968462035353 0.687152403752 4.577998789391
3.106552509689 0.221034266671 -2.031182650528
0.221034266671 1.320474492344 0.709284321074
-2.031182650528 0.709284321074 4.717463430306
3.177035914391 0.226730984580 -2.077094334578
0.226730984580 1.346730005111 0.725331040637
-2.077094334578 0.725331040637 4.820262119512
3.223331909807 0.230576744504 -2.107441196090
0.230576744504 1.363248319104 0.735895587045
-2.107441196090 0.735895587045 4.888554943102
3.247654688173 0.232722353106 -2.123553570568
0.232722353106 1.371027235406 0.741566793356
-2.123553570568 0.741566793356 4.924990527627
3.251974231543 0.233298853826 -2.126650743263
0.233298853826 1.370947068986 0.742871390166
-2.126650743263 0.742871390166 4.932172162148
3.237874846440 0.232404835733 -2.117732224238
0.232404835733 1.363727463066 0.740253873266
-2.117732224238 0.740253873266 4.912352146320
3.206510552352 0.230100574081 -2.097537423554
0.230100574081 1.349922978598 0.734077672991
-2.097537423554 0.734077672991 4.867306284343
3.158630028973 0.226406948648 -2.066554864054
0.226406948648 1.329946700463 0.724642040450
-2.066554864054 0.724642040450 4.798341125756
3.094650811424 0.221307603890 -2.025066571361
0.221307603890 1.304114053805 0.712210574075
-2.025066571361 0.712210574075 4.706396625652
3.014769528345 0.214753396998 -1.973218085187
0.214753396998 1.272701724475 0.697048621759
-1.973218085187 0.697048621759 4.592218300817
2.919100146989 0.206668683706 -1.911108116128
0.206668683706 1.236018228905 0.679467465803
-1.911108116128 0.679467465803 4.456581377146
2.807834499995 0.196959358494 -1.838893540582
0.196959358494 1.194482911232 0.659873009305
-1.838893540582 0.659873009305 4.300552877040
2.681418499127 0.185522773192 -1.756904946837
0.185522773192 1.148708838778 0.638815558436
-1.756904946837 0.638815558436 4.125775421187
2.540733485507 0.172259692201 -1.665765384309
0.172259692201 1.099582329398 0.617035318521
-1.665765384309 0.617035318521 3.934749001003
2.387265750501 0.157088289596 -1.566500760727
0.157088289596 1.048328126490 0.595495724324
-1.566500760727 0.595495724324 3.731075542543
2.223239840711 0.139959845482 -1.460625471386
0.139959845482 0.996545506867 0.575394402530
-1.460625471386 0.575394402530 3.519618797699
2.051685361813 0.120875273746 -1.350183038134
0.120875273746 0.946198446518 0.558140530700
-1.350183038134 0.558140530700 3.306524018476
1.876406089394 0.099900979329 -1.237721110631
0.099900979329 0.899544412871 0.545288998535
-1.237721110631 0.545288998535 3.099044587567
1.701827847237 0.077181940501 -1.126185509969
0.077181940501 0.858993265196 0.538427293660
-1.126185509969 0.538427293660 2.905142568001
1.532719823651 0.052949549417 -1.018730369851
0.052949549417 0.826900752212 0.539020672419
-1.018730369851 0.539020672419 2.732869601695
1.373811180556 0.027521856518 -0.918459725533
0.027521856518 0.805318412581 0.548233438747
-0.918459725533 0.548233438747 2.589588897468
1.229354603582 0.001294619462 -0.828135782806
0.001294619462 0.795738627447 0.566755535923
-0.828135782806 0.566755535923 2.481154137713
1.102710727614 -0.025277051944 -0.749903752295
-0.025277051944 0.798883588061 0.594669480815
-0.749903752295 0.594669480815 2.411196557697
0.996032076476 -0.051704891379 -0.685085836124
-0.051704891379 0.814584294340 0.631389086818
-0.685085836124 0.631389086818 2.380668585671
0.910107442487 -0.077498265867 -0.634084570319
-0.077498265867 0.841778762250 0.675687714614
-0.634084570319 0.675687714614 2.387744770487
0.844391460632 -0.102195248802 -0.596411065894
-0.102195248802 0.878631669342 0.725813521869
-0.596411065894 0.725813521869 2.428099993436
0.797201412814 -0.125389584803 -0.570824878712
-0.125389584803 0.922749633685 0.779669079655
-0.570824878712 0.779669079655 2.495497856632
0.766028551909 -0.146750092177 -0.555549069210
-0.146750092177 0.971446751338 0.835019638275
-0.555549069210 0.835019638275 2.582558314533
0.747894838195 -0.166030686512 -0.548513396906
-0.166030686512 1.022009637859 0.889692047179
-0.548513396906 0.889692047179 2.681551872787
0.739690048421 -0.183071028761 -0.547581820079
-0.183071028761 1.071919735646 0.941734157066
-0.547581820079 0.941734157066 2.785088676843
0.738443166656 -0.197789305221 -0.550733642834
-0.197789305221 1.119007826228 0.989518241494
-0.550733642834 0.989518241494 2.886619753120
0.741506559084 -0.210169534080 -0.556184464145
-0.210169534080 1.161534548196 1.031786298151
-0.556184464145 1.031786298151 2.980723723707
0.746653354475 -0.220246014656 -0.562447917323
-0.220246014656 1.198205700696 1.067646002324
-0.562447917323 1.067646002324 3.063198295746
0.752103005376 -0.228087237966 -0.568348919400
-0.228087237966 1.228139628901 1.096531883481
-0.568348919400 1.096531883481 3.131003244882
0.756496386614 -0.233780992991 -0.573003296524
-0.233780992991 1.250806264008 1.118147361113
-0.573003296524 1.118147361113 3.182110459742
0.758841762511 -0.237421751674 -0.575778461159
-0.237421751674 1.265955277130 1.132401140352
-0.575778461159 1.132401140352 3.215311998526
0.758449199111 -0.239100848422 -0.576247133058
-0.239100848422 1.273546525570 1.139347863292
-0.576247133058 1.139347863292 3.230025502687
0.754865904234 -0.238899558964 -0.574142548840
-0.238899558964 1.273691300111 1.139139178372
-0.574142548840 1.139139178372 3.226123053596
0.747820128916 -0.236884938449 -0.569320262092
-0.236884938449 1.266608870974 1.131988285472
-0.569320262092 1.131988285472 3.203797900676
0.737177415726 -0.233108171800 -0.561728998268
-0.233108171800 1.252599864710 1.118148788622
-0.561728998268 1.118148788622 3.163474747984
0.722910287901 -0.227605177217 -0.551391187299
-0.227605177217 1.232036028055 1.097907259996
-0.551391187299 1.097907259996 3.105763444164
0.705080757743 -0.220399241216 -0.538392616177
-0.220399241216 1.205364667527 1.071588046070
-0.538392616177 1.071588046070 3.031452270264
0.683833984271 -0.211505510205 -0.522879903999
-0.211505510205 1.173125154278 1.039568249016
-0.522879903999 1.039568249016 2.941534639319
0.659400721813 -0.200937185546 -0.505063988683
-0.200937185546 1.135974051504 1.002300249235
-0.505063988683 1.002300249235 2.837261068392
0.632105637914 -0.188713238873 -0.485227368109
-0.188713238873 1.094714456969 0.960338434259
-0.485227368109 0.960338434259 2.720206162867
0.602378013070 -0.174867362681 -0.463732380105
-0.174867362681 1.050324003525 0.914365914422
-0.463732380105 0.914365914422 2.592337825308
0.570760766512 -0.159457689546 -0.441027354550
-0.159457689546 1.003974759844 0.865216030486
-0.441027354550 0.865216030486 2.456073173416
0.537913318744 -0.142576561452 -0.417647150768
-0.142576561452 0.957037370641 0.813882654837
-0.417647150768 0.813882654837 2.314303436861
0.504603765826 -0.124359344223 -0.394204623360
-0.124359344223 0.911061719258 0.761513080162
-0.394204623360 0.761513080162 2.170369597817
0.471686538636 -0.104991028111 -0.371370208574
-0.104991028111 0.867727837886 0.709378194930
-0.371370208574 0.709378194930 2.027973221300
0.440063449666 -0.084709230078 -0.349838316336
-0.084709230078 0.828764271131 0.658817112712
-0.349838316336 0.658817112712 1.891014078924
0.410628879092 -0.063802322727 -0.330281593366
-0.063802322727 0.795836720733 0.611157584847
-0.330281593366 0.611157584847 1.763358191500
0.384203523575 -0.042601840927 -0.313297111176
-0.042601840927 0.770416898759 0.567618935900
-0.313297111176 0.567618935900 1.648555529519
0.361464851883 -0.021469070295 -0.299351465421
-0.021469070295 0.753648512719 0.529209759344
-0.299351465421 0.529209759344 1.549542497342
0.342885042397 -0.000776703407 -0.288733708374
-0.000776703407 0.746231951064 0.496636492909
-0.288733708374 0.496636492909 1.468375596494
0.328687577033 0.019112551692 -0.281525064807
0.019112551692 0.748349349463 0.470239553035
-0.281525064807 0.470239553035 1.406044402476
0.318831206393 0.037867785048 -0.277592052729
0.037867785048 0.759646195607 0.449970011155
-0.277592052729 0.449970011155 1.362401482511
0.313024994567 0.055209254976 -0.276605286245
0.055209254976 0.779275253294 0.435412312424
-0.276605286245 0.435412312424 1.336225440639
0.310771902142 0.070922819802 -0.278081024220
0.070922819802 0.805996060167 0.425849219938
-0.278081024220 0.425849219938 1.325406468484
0.311432728780 0.084867835249 -0.281438003365
0.084867835249 0.838312290319 0.420356784573
-0.281438003365 0.420356784573 1.327219555459
0.314298870380 0.096978100529 -0.286059594025
0.096978100529 0.874623091579 0.417912159616
-0.286059594025 0.417912159616 1.338635989329
0.318662040360 0.107256575959 -0.291351414668
0.107256575959 0.913364531693 0.417496666086
-0.291351414668 0.417496666086 1.356622365386
0.323871544395 0.115765425279 -0.296786881856
0.115765425279 0.953122731063 0.418180183945
-0.296786881856 0.418180183945 1.378386691510
0.329373739853 0.122613320026 -0.301936737625
0.122613320026 0.992708729273 0.419178980861
-0.301936737625 0.419178980861 1.401548443897
0.334732561849 0.127941895522 -0.306482201897
0.127941895522 1.031193805306 0.419885414145
-0.306482201897 0.419885414145 1.424227628145
0.339633358836 0.131912890697 -0.310214146028
0.131912890697 1.067910674501 0.419872920542
-0.310214146028 0.419872920542 1.445062318822
0.343874226323 0.134697000041 -0.313022179070
0.134697000041 1.102429727086 0.418882569449
-0.313022179070 0.418882569449 1.463172523097
0.347349582908 0.136464959564 -0.314877848674
0.136464959564 1.134520371550 0.416798246193
-0.314877848674 0.416798246193 1.478090635997
0.350030268322 0.137380973029 -0.315815629343
0.137380973029 1.164106396606 0.413616811803
-0.315815629343 0.413616811803 1.489676801708
0.351943433278 0.137598298822 -0.315914419219
0.137598298822 1.191222053777 0.409418065332
-0.315914419219 0.409418065332 1.498033196454
0.353154343724 0.137256658779 -0.315281239372
0.137256658779 1.215973121502 0.404337621302
-0.315281239372 0.404337621302 1.503426350397
0.353751202868 0.136481072622 -0.314037944472
0.136481072622 1.238505074208 0.398544300985
-0.314037944472 0.398544300985 1.506222267311
0.353833325951 0.135381732421 -0.312311104433
0.135381732421 1.258978885783 0.392222501265
-0.312311104433 0.392222501265 1.506835809885
0.353502503467 0.134054580793 -0.310224808889
0.134054580793 1.277553973224 0.385559272684
-0.310224808889 0.385559272684 1.505693676487
0.352857118141 0.132582321607 -0.307895938389
0.132582321607 1.294377242646 0.378735446781
-0.307895938389 0.378735446781 1.503209131852
0.351988477676 0.131035658011 -0.305431380508
0.131035658011 1.309577004226 0.371920008350
-0.305431380508 0.371920008350 1.499766205976
0.350978828387 0.129474611462 -0.302926691305
0.129474611462 1.323260547227 0.365266919930
-0.302926691305 0.365266919930 1.495711083627
0.349900575750 0.127949823687 -0.300465770261
0.127949823687 1.335514309256 0.358913701271
-0.300465770261 0.358913701271 1.491348663471
0.348816322591 0.126503780708 -0.298121200966
0.126503780708 1.346405764506 0.352981195250
-0.298121200966 0.352981195250 1.486942625070
0.347779422957 0.125171925234 -0.295954992767
0.125171925234 1.355986349969 0.347574082808
-0.295954992767 0.347574082808 1.482717713620
0.346834828492 0.123983642639 -0.294019531444
0.123983642639 1.364294923322 0.342781826673
-0.294019531444 0.342781826673 1.478863287886
0.346020069543 0.122963118258 -0.292358606370
0.122963118258 1.371361391451 0.338679820175
-0.292358606370 0.338679820175 1.475537455761
0.345366264521 0.122130071490 -0.291008427353
0.122130071490 1.377210263014 0.335330592609
-0.291008427353 0.335330592609 1.472871340892
0.344899089453 0.121500376557 -0.289998578170
0.121500376557 1.381863964599 0.332784978390
-0.289998578170 0.332784978390 1.470973187899
0.344639667320 0.121086581895 -0.289352877634
0.121086581895 1.385345822616 0.331083197085
-0.289352877634 0.331083197085 1.469932132014
0.344605355961 0.120898340731 -0.289090135340
0.120898340731 1.387682656737 0.330255818704
-0.289090135340 0.330255818704 1.469821541102
0.344810426154 0.120942765112 -0.289224799782
0.120942765112 1.388906960173 0.330324606681
-0.289224799782 0.330324606681 1.470701892866
0.345266629607 0.121224714850 -0.289767503063
0.121224714850 1.389058660969 0.331303242249
-0.289767503063 0.331303242249 1.472623185152
0.345983661560 0.121747031773 -0.290725510144
0.121747031773 1.388186470020 0.333197940611
-0.290725510144 0.333197940611 1.475626898413
0.346969525403 0.122510728581 -0.292103082451
0.122510728581 1.386348827939 0.336007972860
-0.292103082451 0.336007972860 1.479747541195
0.348230808036 0.123515140492 -0.293901766329
0.123515140492 1.383614466158 0.339726109137
-0.293901766329 0.339726109137 1.485013815242
0.349772875124 0.124758046899 -0.296120616866
0.124758046899 1.380062598977 0.344338998838
-0.296120616866 0.344338998838 1.491449438739
0.351599995371 0.126235769356 -0.298756367164
0.126235769356 1.375782763764 0.349827503235
-0.298756367164 0.349827503235 1.499073666167
0.353715402658 0.127943251457 -0.301803552631
0.127943251457 1.370874326901 0.356166995033
-0.301803552631 0.356166995033 1.507901542111
0.356121304559 0.129874125541 -0.305254599212
0.129874125541 1.365445673789 0.363327638335
-0.305254599212 0.363327638335 1.517943925067
0.358818845468 0.132020770576 -0.309099883914
0.132020770576 1.359613102762 0.371274661265
-0.309099883914 0.371274661265 1.529207316088
0.361808032372 0.134374365137 -0.313327775451
0.134374365137 1.353499445212 0.379968632282
-0.313327775451 0.379968632282 1.541693526407
0.365087631247 0.136924938925 -0.317924662357
0.136924938925 1.347232437766 0.389365749856
-0.317924662357 0.389365749856 1.555399217862
0.368655042038 0.139661425947 -0.322874975503
0.139661425947 1.340942876890 0.399418153772
-0.322874975503 0.399418153772 1.570315350179
