26.633980661093 -0.280873352505 -0.793423959569
-0.280873352505 15.505811574893 8.351587598295
-0.793423959569 8.351587598295 26.281111533192
26.851111576410 -0.282697286368 -0.797731657684
-0.282697286368 15.600433668996 8.410184067965
-0.797731657684 8.410184067965 26.492233354823
26.991766028289 -0.283892004549 -0.800582752912
-0.283892004549 15.662621949146 8.448408962720
-0.800582752912 8.448408962720 26.629083709832
27.062927809428 -0.284497601818 -0.802029584608
-0.284497601818 15.694151652266 8.467768437657
-0.802029584608 8.467768437657 26.698328217119
27.068103370944 -0.284534777072 -0.802100923140
-0.284534777072 15.695951097103 8.469029806354
-0.802100923140 8.469029806354 26.703317339979
27.007506148414 -0.284003811684 -0.800793662680
-0.284003811684 15.668006098928 8.452218788477
-0.800793662680 8.452218788477 26.644248312755
26.878061980046 -0.282884262575 -0.798071211146
-0.282884262575 15.609337261499 8.416613518665
-0.798071211146 8.416613518665 26.518168006340
26.673232945466 -0.281135253348 -0.793868059169
-0.281135253348 15.518042206716 8.360732583423
-0.793868059169 8.360732583423 26.318813490143
26.382670835110 -0.278696972921 -0.788103087257
-0.278696972921 15.391442133950 8.282330431335
-0.788103087257 8.282330431335 26.036304633852
25.991737346861 -0.275494955388 -0.780708100463
-0.275494955388 15.226433761537 8.178435544041
-0.780708100463 8.178435544041 25.656733265350
25.480983619708 -0.271450244406 -0.771684022953
-0.271450244406 15.020243342847 8.045503097517
-0.771684022953 8.045503097517 25.161754491543
24.825793540954 -0.266501054744 -0.761206515322
-0.266501054744 14.771933222788 7.879815439564
-0.761206515322 7.879815439564 24.528405009698
23.996601882752 -0.260645470086 -0.749816722295
-0.260645470086 14.485247052182 7.678363050643
-0.749816722295 7.678363050643 23.729588743266
22.960442975971 -0.254020147931 -0.738750896974
-0.254020147931 14.173696120586 7.440581468730
-0.738750896974 7.440581468730 22.736022082054
21.685078314246 -0.247035530110 -0.730477928152
-0.247035530110 13.869087231357 7.171477813233
-0.730477928152 7.171477813233 21.520919023634
20.147456576017 -0.240588073725 -0.729502882384
-0.240588073725 13.634607857688 6.886726350520
-0.729502882384 6.886726350520 20.069158680549
18.348257157036 -0.236350102776 -0.743401097836
-0.236350102776 13.582210309543 6.619902505700
-0.743401097836 6.619902505700 18.392541021361
16.332546502337 -0.237071648241 -0.783773796578
-0.237071648241 13.889762365393 6.430507868911
-0.783773796578 6.430507868911 16.550714747576
14.211375947687 -0.246691010261 -0.866284363614
-0.246691010261 14.804842123363 6.408145083820
-0.866284363614 6.408145083820 14.671675676157
12.170146489322 -0.269877686509 -1.008323314634
-0.269877686509 16.611721173701 6.663851185962
-1.008323314634 6.663851185962 12.956332317582
10.442694982788 -0.310625209713 -1.222983463740
-0.310625209713 19.538982104927 7.298895705244
-1.222983463740 7.298895705244 11.645313722288
9.240086939884 -0.370020515979 -1.510209605845
-0.370020515979 23.618741217242 8.352754654144
-1.510209605845 8.352754654144 10.938809538079
8.659324890019 -0.444351682828 -1.850039043143
-0.444351682828 28.573410830845 9.756448025018
-1.850039043143 9.756448025018 10.900345681375
8.633373512590 -0.525284324352 -2.204660605226
-0.525284324352 33.838113049577 11.332141248839
-2.204660605226 11.332141248839 11.412314699470
8.967205503768 -0.602657808365 -2.530787163891
-0.602657808365 38.747670404786 12.853969156202
-2.530787163891 12.853969156202 12.227826503448
9.434284749803 -0.668218009813 -2.794929969746
-0.668218009813 42.775675479546 14.132958356138
-2.794929969746 14.132958356138 13.084093562122
9.862164974447 -0.717868604918 -2.981854042571
-0.717868604918 45.672048258598 15.070182179061
-2.981854042571 15.070182179061 13.795824368679
10.162882473733 -0.751572893139 -3.093255642609
-0.751572893139 47.448641516886 15.656816121565
-3.093255642609 15.656816121565 14.282284554751
10.317057522924 -0.771831822132 -3.140897366368
-0.771831822132 48.276219846548 15.941202400061
-3.140897366368 15.941202400061 14.542458961782
10.342748599650 -0.782049322571 -3.139658491791
-0.782049322571 48.377645079930 15.992597521574
-3.139658491791 15.992597521574 14.615550161520
10.270325666987 -0.785466930923 -3.103172967760
-0.785466930923 47.959847632474 15.877316620289
-3.103172967760 15.877316620289 14.550842118327
10.128821665153 -0.784709759739 -3.042082649910
-0.784709759739 47.185927421561 15.648461708184
-3.042082649910 15.648461708184 14.392186438396
9.941000229311 -0.781723972128 -2.963913722544
-0.781723972128 46.172452281380 15.344399527164
-2.963913722544 15.344399527164 14.173093427133
9.723003038815 -0.777889160567 -2.873649874210
-0.777889160567 44.997730973025 14.991165399062
-2.873649874210 14.991165399062 13.917182717596
9.485704423958 -0.774173147147 -2.774450655079
-0.774173147147 43.712513412249 14.605837164289
-2.774450655079 14.605837164289 13.640475191569
9.236328964790 -0.771269529683 -2.668274384980
-0.771269529683 42.349349514116 14.199549245279
-2.668274384980 14.199549245279 13.353805611965
8.979789209782 -0.769700363151 -2.556340663254
-0.769700363151 40.929557696993 13.779755512170
-2.556340663254 13.779755512170 13.064742893614
8.719633913101 -0.769885154794 -2.439444019442
-0.769885154794 39.467947455525 13.351767290517
-2.439444019442 13.351767290517 12.778927139745
8.458659776738 -0.772183427458 -2.318153489007
-0.772183427458 37.975810199499 12.919726629230
-2.318153489007 12.919726629230 12.500921605094
8.199277290546 -0.776918575542 -2.192933097066
-0.776918575542 36.462703930372 12.487184058420
-2.192933097066 12.487184058420 12.234714846295
7.943712116276 -0.784389298931 -2.064210890767
-0.784389298931 34.937450019177 12.057417062260
-2.064210890767 12.057417062260 11.983989931841
7.694102536271 -0.794873168586 -1.932415968833
-0.794873168586 33.408638164826 11.633586297374
-1.932415968833 11.633586297374 11.752246553064
7.452533888972 -0.808625427603 -1.797996236820
-0.808625427603 31.884834817452 11.218793894042
-1.797996236820 11.218793894042 11.542834032316
7.221036192835 -0.825875082891 -1.661424800133
-0.825875082891 30.374617936308 10.816084588306
-1.661424800133 10.816084588306 11.358932598846
7.001561254206 -0.846819645425 -1.523199732466
-0.846819645425 28.886513136844 10.428414822341
-1.523199732466 10.428414822341 11.203506490479
6.795949343337 -0.871619437236 -1.383839994290
-0.871619437236 27.428876609537 10.058605240073
-1.383839994290 10.058605240073 11.079243777122
6.605891815603 -0.900392112272 -1.243879126915
-0.900392112272 26.009752663339 9.709286240475
-1.243879126915 9.709286240475 10.988492599093
6.432893901300 -0.933207867227 -1.103857707432
-0.933207867227 24.636723748885 9.382842924723
-1.103857707432 9.382842924723 10.933200435321
6.278240621939 -0.970085700211 -0.964315207851
-0.970085700211 23.316765164290 9.081363842935
-0.964315207851 9.081363842935 10.914861135140
6.142967988207 -1.010990980517 -0.825781722427
-1.010990980517 22.056113303873 8.806596747278
-0.825781722427 8.806596747278 10.934473172839
6.027841044864 -1.055834505596 -0.688769928825
-1.055834505596 20.860154069515 8.559913699702
-0.688769928825 8.559913699702 10.992511575292
5.933339819331 -1.104473135113 -0.553767585299
-1.104473135113 19.733336270024 8.342287156839
-0.553767585299 8.342287156839 11.088915057203
5.859653746899 -1.156712005775 -0.421230813550
-1.156712005775 18.679113177133 8.154277969366
-0.421230813550 8.154277969366 11.223089010268
5.806684674181 -1.212308247300 -0.291578364473
-1.212308247300 17.699913785148 7.996035564843
-0.291578364473 7.996035564843 11.393924129988
5.774058095222 -1.270976043847 -0.165187008587
-1.270976043847 16.797143745425 7.867309945006
-0.165187008587 7.867309945006 11.599829657652
5.761141873135 -1.332392821147 -0.042388135144
-1.332392821147 15.971214480843 7.767474550340
-0.042388135144 7.767474550340 11.838779508597
5.767071367232 -1.396206291447 0.076534413518
-1.396206291447 15.221597708384 7.695558558935
0.076534413518 7.695558558935 12.108368992642
5.790779639588 -1.462042058771 0.191345299684
-1.462042058771 14.546901580639 7.650286819974
0.191345299684 7.650286819974 12.405879439690
5.831031266615 -1.529511477027 0.301857514690
-1.529511477027 13.944963947958 7.630125391116
0.301857514690 7.630125391116 12.728347838741
5.886458232560 -1.598219462205 0.407931183221
-1.598219462205 13.412957862367 7.633330557760
0.407931183221 7.633330557760 13.072638581047
5.955596426306 -1.667771985221 0.509471488911
-1.667771985221 12.947504383641 7.657999252975
0.509471488911 7.657999252975 13.435514551365
6.036921387092 -1.737783010394 0.606425880216
-1.737783010394 12.544787973250 7.702118951931
0.606425880216 7.702118951931 13.813705106605
6.128882130425 -1.807880692031 0.698780722848
-1.807880692031 12.200670220876 7.763615359191
0.698780722848 7.763615359191 14.203968881349
6.229932111837 -1.877712693819 0.786557563180
-1.877712693819 11.910798277023 7.840396512537
0.786557563180 7.840396512537 14.603149824521
6.338556632365 -1.946950548707 0.869809157597
-1.946950548707 11.670705096993 7.930392264164
0.869809157597 7.930392264164 15.008225360983
6.453296236721 -2.015293027074 0.948615407629
-2.015293027074 11.475899372234 8.031588442082
0.948615407629 8.031588442082 15.416346050688
6.572765887149 -2.082468525602 1.023079321722
-2.082468525602 11.321943779472 8.142055319061
1.023079321722 8.142055319061 15.824866557540
6.695669901172 -2.148236526506 1.093323103550
-2.148236526506 11.204520872322 8.259970306180
1.093323103550 8.259970306180 16.231368119668
6.820812812168 -2.212388205661 1.159484445267
-2.212388205661 11.119486543465 8.383635031803
1.159484445267 8.383635031803 16.633673019907
6.947106444339 -2.274746288472 1.221713083453
-2.274746288472 11.062911480069 8.511487158843
1.221713083453 8.511487158843 17.029851785193
7.073573587896 -2.335164264557 1.280167656490
-2.335164264557 11.031111414355 8.642107432616
1.280167656490 8.642107432616 17.418223997716
7.199348718716 -2.393525077263 1.335012885396
-2.393525077263 11.020667237866 8.774222541204
1.335012885396 8.774222541204 17.797353685449
7.323676233466 -2.449739402930 1.386417086080
-2.449739402930 11.028436211731 8.906704415727
1.386417086080 8.906704415727 18.166040284661
7.445906671749 -2.503743628970 1.434550009550
-2.503743628970 11.051555579998 9.038566606250
1.434550009550 9.038566606250 18.523306143430
7.565491376827 -2.555497630526 1.479580997849
-2.555497630526 11.087439895343 9.168958348155
1.479580997849 9.168958348155 18.868381474798
7.681976011688 -2.604982433893 1.521677437053
-2.604982433893 11.133773312831 9.297156891334
1.521677437053 9.297156891334 19.200687582278
7.794993302723 -2.652197842212 1.561003484392
-2.652197842212 11.188498013919 9.422558607700
1.561003484392 9.422558607700 19.519819078934
7.904255333511 -2.697160085867 1.597719043985
-2.697160085867 11.249799803667 9.544669327351
1.597719043985 9.544669327351 19.825525712751
8.009545659876 -2.739899547385 1.631978964596
-2.739899547385 11.316091791278 9.663094285517
1.631978964596 9.663094285517 20.117694302254
8.110711467119 -2.780458598846 1.663932432830
-2.780458598846 11.385996927068 9.777527994884
1.663932432830 9.777527994884 20.396331182338
8.207655943271 -2.818889579154 1.693722536054
-2.818889579154 11.458330035206 9.887744294096
1.693722536054 9.887744294096 20.661545464677
8.300330999583 -2.855252929307 1.721485970753
-2.855252929307 11.532079856051 9.993586765008
1.721485970753 9.993586765008 20.913533331872
8.388730431977 -2.889615495897 1.747352873882
-2.889615495897 11.606391498097 10.094959659674
1.747352873882 10.094959659674 21.152563510920
8.472883585222 -2.922049006679 1.771446756817
-2.922049006679 11.680549599078 10.191819433738
1.771446756817 10.191819433738 21.378964009719
8.552849554940 -2.952628716857 1.793884523644
-2.952628716857 11.753962409544 10.284166945642
1.793884523644 10.284166945642 21.593110149825
