1.392011556255 1.330700338043 0.510355280083
1.330700338043 7.460794105841 -2.301085596818
0.510355280083 -2.301085596818 10.701147259262
1.391986189978 1.330676088511 0.510345978549
1.330676088511 7.460658142406 -2.301043659375
0.510345978549 -2.301043659375 10.700952227460
1.391929013139 1.330621427365 0.510325008159
1.330621427365 7.460351652816 -2.300949114647
0.510325008159 -2.300949114647 10.700512535524
1.391802679428 1.330500644731 0.510278652513
1.330500644731 7.459674351366 -2.300740138594
0.510278652513 -2.300740138594 10.699540628253
1.391529153723 1.330239102655 0.510178188280
1.330239102655 7.458207427608 -2.300287319388
0.510178188280 -2.300287319388 10.697434472411
1.390949264456 1.329684460010 0.509964746633
1.329684460010 7.455095217993 -2.299325662170
0.509964746633 -2.299325662170 10.692960782582
1.389747172701 1.328534006843 0.509520311759
1.328534006843 7.448633857578 -2.297324934296
0.509520311759 -2.297324934296 10.683649676829
1.387317537611 1.326205808861 0.508613708931
1.326205808861 7.435532867223 -2.293250626081
0.508613708931 -2.293250626081 10.664673346254
1.382556339126 1.321631491991 0.506803338577
1.321631491991 7.409691520306 -2.285142791753
0.506803338577 -2.285142791753 10.626849946493
1.373610674208 1.312990333535 0.503269613707
1.312990333535 7.360480046695 -2.269424646668
0.503269613707 -2.269424646668 10.553289970831
1.357861491803 1.297599801401 0.496544877614
1.297599801401 7.271333122408 -2.239907782297
0.496544877614 -2.239907782297 10.414289080460
1.333193520037 1.272828892844 0.484125926900
1.272828892844 7.122306448426 -2.186766247303
0.484125926900 -2.186766247303 10.161001540719
1.303629526267 1.240604515062 0.462043609931
1.240604515062 6.907839628227 -2.096706002573
0.462043609931 -2.096706002573 9.721676709855
1.296024724850 1.221160892070 0.424713768628
1.221160892070 6.694998576000 -1.957592906954
0.424713768628 -1.957592906954 9.011748683107
1.395537650825 1.282680985557 0.365834472030
1.282680985557 6.753271752629 -1.772733085254
0.365834472030 -1.772733085254 7.978169167002
1.788552105580 1.577806173193 0.281292566249
1.577806173193 7.720702779474 -1.584823625128
0.281292566249 -1.584823625128 6.687394582878
2.745218317806 2.330794153543 0.173680374100
2.330794153543 10.564706067993 -1.487088322870
0.173680374100 -1.487088322870 5.397080638913
4.453252822100 3.700951943053 0.054671975136
3.700951943053 16.006683836148 -1.580473085971
0.054671975136 -1.580473085971 4.472465345555
6.794088179815 5.596100285504 -0.059144097345
5.596100285504 23.710354143543 -1.889001745871
-0.059144097345 -1.889001745871 4.134788197080
9.348997862711 7.674697106982 -0.154596237291
7.674697106982 32.261890737976 -2.331152049862
-0.154596237291 -2.331152049862 4.308892658001
11.669228457798 9.567494092155 -0.226627301593
9.567494092155 40.100979948179 -2.786365090593
-0.226627301593 -2.786365090593 4.743386360720
13.496127473537 11.060008277611 -0.276729875372
11.060008277611 46.306472293986 -3.168990462200
-0.276729875372 -3.168990462200 5.210290476421
14.765141667089 12.096971186201 -0.308963231583
12.096971186201 50.630725841627 -3.444076254084
-0.308963231583 -3.444076254084 5.583366883553
15.498198203441 12.693457278168 -0.327002156065
12.693457278168 53.135412534918 -3.604678928951
-0.327002156065 -3.604678928951 5.811031801236
15.705710735872 12.851145325318 -0.332842381916
12.851145325318 53.856198492054 -3.645731728887
-0.332842381916 -3.645731728887 5.866433160500
15.336944562264 12.507457197050 -0.326768530722
12.507457197050 52.640753670027 -3.547199851874
-0.326768530722 -3.547199851874 5.713808933058
14.293111042566 11.519610161645 -0.308810831088
11.519610161645 49.220084617194 -3.268476335207
-0.308810831088 -3.268476335207 5.301178366383
12.545131874252 9.707385273861 -0.282725659800
9.707385273861 43.657593142117 -2.761063604214
-0.282725659800 -2.761063604214 4.592671982421
10.376427062261 6.998809615696 -0.261609781253
6.998809615696 37.182166105920 -2.012197083220
-0.261609781253 -2.012197083220 3.651214824160
8.539737130376 3.641671871061 -0.266270840053
3.641671871061 32.499739802608 -1.107194922090
-0.266270840053 -1.107194922090 2.712413484560
7.881622211504 0.237127875595 -0.305461043771
0.237127875595 32.018418798975 -0.236109806762
-0.305461043771 -0.236109806762 2.097170069330
8.608640926924 -2.595422254680 -0.355970432789
-2.595422254680 35.198142253086 0.410900845465
-0.355970432789 0.410900845465 1.971484860959
10.214678611627 -4.597625196469 -0.377080845296
-4.597625196469 39.006236992214 0.755967959427
-0.377080845296 0.755967959427 2.261811756786
12.137196096190 -5.888189291710 -0.341978863284
-5.888189291710 40.873112895218 0.830934134513
-0.341978863284 0.830934134513 2.816454198398
14.183114923215 -6.745955879417 -0.246632906838
-6.745955879417 40.102544686360 0.707575207842
-0.246632906838 0.707575207842 3.551425795141
16.465296050458 -7.444431701000 -0.099709307506
-7.444431701000 37.282821627081 0.450670904518
-0.099709307506 0.450670904518 4.462478076249
19.192988184441 -8.192014526179 0.086544141631
-8.192014526179 33.407148150939 0.108118966746
0.086544141631 0.108118966746 5.577630508188
22.507570028607 -9.116080114494 0.298819126567
-9.116080114494 29.409345373950 -0.282778573031
0.298819126567 -0.282778573031 6.909702125207
26.366653455731 -10.248052785871 0.521789154914
-10.248052785871 25.980851217341 -0.687256544843
0.521789154914 -0.687256544843 8.419517835638
30.461858241950 -11.504278876086 0.737034595551
-11.504278876086 23.477810832785 -1.067977997259
0.737034595551 -1.067977997259 9.991900958647
34.191698300940 -12.678602830736 0.923807550702
-12.678602830736 21.875724017656 -1.383330537002
0.923807550702 -1.383330537002 11.435116628681
36.726632224263 -13.466268880850 1.062842302886
-13.466268880850 20.812373054702 -1.588235067178
1.062842302886 -1.588235067178 12.519750333100
37.191292759226 -13.530756832745 1.144297701630
-13.530756832745 19.751971699166 -1.636752323604
1.144297701630 -1.636752323604 13.070872611443
34.969239725259 -12.615249276483 1.180355912171
-12.615249276483 18.252623211379 -1.487456045006
1.180355912171 -1.487456045006 13.115617108954
30.090280380099 -10.685060114414 1.218626642253
-10.685060114414 16.259926982080 -1.114599822376
1.218626642253 -1.114599822376 13.043075513986
23.510186983322 -8.038349165827 1.341309718688
-8.038349165827 14.261308347485 -0.526364784348
1.341309718688 -0.526364784348 13.624931466580
16.905419123553 -5.255654450573 1.629083428792
-5.255654450573 13.072256322162 0.218603600479
1.629083428792 0.218603600479 15.682274880770
11.835303597826 -2.924363251240 2.098999249342
-2.924363251240 13.256321004832 1.016482321350
2.098999249342 1.016482321350 19.471931736630
8.900274431579 -1.333629470845 2.677550566225
-1.333629470845 14.684422861957 1.754984849693
2.677550566225 1.754984849693 24.382883588404
7.709746936655 -0.423595751339 3.248535395311
-0.423595751339 16.708250480940 2.357740968126
3.248535395311 2.357740968126 29.355397444903
7.505689153350 0.030143931467 3.724549058993
0.030143931467 18.678477543648 2.801921319033
3.724549058993 2.801921319033 33.558851741083
7.687338216757 0.236128896699 4.075357104515
0.236128896699 20.249523994418 3.104701586293
4.075357104515 3.104701586293 36.681085881744
7.940094578081 0.325062936968 4.312437059211
0.325062936968 21.357844120040 3.299704224368
4.312437059211 3.299704224368 38.800681456395
8.149192063867 0.363072937153 4.463402725317
0.363072937153 22.080844379284 3.420313102375
4.463402725317 3.420313102375 40.153917559252
8.294110547931 0.379698246879 4.555690193253
0.379698246879 22.528950060422 3.492778008861
4.555690193253 3.492778008861 40.982426463100
8.386075796931 0.387305470551 4.610518026152
0.387305470551 22.797272041415 3.535394934203
4.610518026152 3.535394934203 41.475073611322
8.441544624396 0.390973453347 4.642418652516
0.390973453347 22.954093007816 3.560045776058
4.642418652516 3.560045776058 41.761855916009
8.473940807645 0.392826210643 4.660682330973
0.392826210643 23.044104881477 3.574111513805
4.660682330973 3.574111513805 41.926090892616
8.492447113400 0.393794048722 4.671000454917
0.393794048722 23.095030468277 3.582042902570
4.671000454917 3.582042902570 42.018890962638
8.502845272278 0.394309854880 4.676762359054
0.394309854880 23.123491465661 3.586467273969
4.676762359054 3.586467273969 42.070717580024
8.508609960279 0.394587287400 4.679945900118
0.394587287400 23.139223609646 3.588910361164
4.679945900118 3.588910361164 42.099354023331
8.511768997608 0.394736764486 4.681687228907
0.394736764486 23.147830861150 3.590246242665
4.681687228907 3.590246242665 42.115017976478
8.513481899480 0.394817061889 4.682630461352
0.394817061889 23.152493806274 3.590969726581
4.682630461352 3.590969726581 42.123502859278
8.514401408943 0.394859949017 4.683136525216
0.394859949017 23.154995753352 3.591357853635
4.683136525216 3.591357853635 42.128055212611
8.514890246373 0.394882687234 4.683405484696
0.394882687234 23.156325522766 3.591564122286
4.683405484696 3.591564122286 42.130474677784
8.515147661843 0.394894643654 4.683547093399
0.394894643654 23.157025668207 3.591672720965
4.683547093399 3.591672720965 42.131748542936
