23.041791993718 11.761291584912 -14.326339490038
11.761291584912 16.856705720110 -11.324905461959
-14.326339490038 -11.324905461959 13.255109444725
23.019937839380 11.749556303393 -14.312475461673
11.749556303393 16.841626868012 -11.314378288860
-14.312475461673 -11.314378288860 13.242724030993
22.992251700822 11.734657497507 -14.294896528968
11.734657497507 16.822573992718 -11.301053592127
-14.294896528968 -11.301053592127 13.227043693618
22.958048848640 11.716202391743 -14.273156368180
11.716202391743 16.799113953555 -11.284610790976
-14.273156368180 -11.284610790976 13.207688439652
22.916464853263 11.693690441883 -14.246689291162
11.693690441883 16.770707282644 -11.264646901052
-14.246689291162 -11.264646901052 13.184180058022
22.866423727837 11.666491323861 -14.214787701617
11.666491323861 16.736693888166 -11.240662997894
-14.214787701617 -11.240662997894 13.155925641557
22.806598406488 11.633816516557 -14.176573599082
11.633816516557 16.696277057495 -11.212047833169
-14.176573599082 -11.212047833169 13.122197501387
22.735362503542 11.594682818614 -14.130962941249
11.594682818614 16.648506746194 -11.178058499157
-14.130962941249 -11.178058499157 13.082109227708
22.650732421164 11.547865651275 -14.076621489136
11.547865651275 16.592264090252 -11.137798299938
-14.076621489136 -11.137798299938 13.034587897881
22.550299299749 11.491839389001 -14.011910630927
11.491839389001 16.526250688631 -11.090192502911
-14.011910630927 -11.090192502911 12.978342944566
22.431151276667 11.424701206830 -13.934821690036
11.424701206830 16.448988869908 -11.033963582293
-13.934821690036 -11.033963582293 12.911833156663
22.289788427733 11.344074026196 -13.842897514310
11.344074026196 16.358843501103 -10.967609198364
-13.842897514310 -10.967609198364 12.833234988673
22.122036241874 11.246983089569 -13.733140959903
11.246983089569 16.254082866756 -10.889388907022
-13.733140959903 -10.889388907022 12.740418261950
21.922969504405 11.129699558384 -13.601911625306
11.129699558384 16.133007151908 -10.797330108825
-13.601911625306 -10.797330108825 12.630940160908
21.686868513644 10.987543464864 -13.444815491921
10.987543464864 15.994190117666 -10.689270970366
-13.444815491921 -10.689270970366 12.502076198907
21.407245734379 10.814637696543 -13.256597946662
10.814637696543 15.836905353475 -10.562969289214
-13.256597946662 -10.562969289214 12.350918999548
21.077006060980 10.603605121925 -13.031060363935
10.603605121925 15.661846205121 -10.416323156623
-13.031060363935 -10.416323156623 12.174594135424
20.688840900070 10.345203713464 -12.761035763419
10.345203713464 15.472300886765 -10.247773435619
-12.761035763419 -10.247773435619 11.970668765903
20.236007433577 10.027901755293 -12.438481879642
10.027901755293 15.276011282117 -10.056990175786
-12.438481879642 -10.056990175786 11.737864308532
19.713707723165 9.637410518244 -12.054781239181
9.637410518244 15.088016906953 -9.845982474165
-12.054781239181 -9.845982474165 11.477226262189
19.121344983098 9.156220636745 -11.601375312439
9.156220636745 14.934836261162 -9.620803247976
-11.601375312439 -9.620803247976 11.193941357195
18.465960784912 8.563238318090 -11.070893566958
8.563238318090 14.860300106653 -9.394019950733
-11.070893566958 -9.394019950733 10.899995714941
17.767071703745 7.833696478148 -10.458943528717
7.833696478148 14.933096946587 -9.188035183215
-10.458943528717 -9.188035183215 10.617779288263
17.062797560863 6.939627164575 -9.766657269313
6.939627164575 15.255416915669 -9.039078259975
-9.766657269313 -9.039078259975 10.384464805508
16.416438165552 5.851310827753 -9.003872672786
5.851310827753 15.970751997043 -9.001141329329
-9.003872672786 -9.001141329329 10.256404320080
15.921405330395 4.540210128316 -8.192398070418
4.540210128316 17.266851845153 -9.148249855036
-8.192398070418 -9.148249855036 10.311832596936
15.700855325176 2.983828585762 -7.368185153350
2.983828585762 19.367548808336 -9.572420580729
-7.368185153350 -9.572420580729 10.649033682539
15.897363783376 1.172518673463 -6.580657206815
1.172518673463 22.506280926707 -10.374131517864
-6.580657206815 -10.374131517864 11.376518961220
16.649194515992 -0.882659723284 -5.887458333902
-0.882659723284 26.877440837066 -11.643291362435
-5.887458333902 -11.643291362435 12.592956073485
18.054732375946 -3.143247759301 -5.344163347051
-3.143247759301 32.571428767048 -13.432593559961
-5.344163347051 -13.432593559961 14.358722237624
20.134852372037 -5.541126040147 -4.991097663807
-5.541126040147 39.513485875050 -15.731101542159
-4.991097663807 -15.731101542159 16.667355679385
22.809630045050 -7.983594243226 -4.842096781530
-7.983594243226 47.435989710609 -18.450290715151
-4.842096781530 -18.450290715151 19.429969635542
25.903943543573 -10.366239675655 -4.880504659146
-10.366239675655 55.907194033492 -21.432603375856
-4.880504659146 -21.432603375856 22.483530415095
29.183900942350 -12.590330818152 -5.064696787609
-12.590330818152 64.414260074122 -24.482626972791
-5.064696787609 -24.482626972791 25.623379927979
32.409986696776 -14.578907933229 -5.340557307272
-14.578907933229 72.469848109923 -27.409157012501
-5.340557307272 -27.409157012501 28.647700374270
35.385191617542 -16.286312021913 -5.655178234811
-16.286312021913 79.700747115493 -30.061429522110
-5.655178234811 -30.061429522110 31.396161019629
37.982085647993 -17.699195953069 -5.966634731177
-17.699195953069 85.890914890011 -32.347897421314
-5.966634731177 -32.347897421314 33.770258910981
40.145696339565 -18.830708158089 -6.247843494897
-18.830708158089 90.976773259546 -34.236041805294
-6.247843494897 -34.236041805294 35.733577512148
41.879422316371 -19.711415188237 -6.485545931953
-19.711415188237 95.011415817497 -35.739447914308
-6.485545931953 -35.739447914308 37.298454388237
43.224357391854 -20.380286166896 -6.676765514060
-20.380286166896 98.118822509254 -36.900424659131
-6.676765514060 -36.900424659131 38.507797082797
44.239958200357 -20.877686280783 -6.824818053105
-20.877686280783 100.453279122402 -37.774278499318
-6.824818053105 -37.774278499318 39.418538051510
44.989822909508 -21.240927118720 -6.936041530197
-21.240927118720 102.170629140700 -38.418004839574
-6.936041530197 -38.418004839574 40.089690205958
45.533094746078 -21.502047186846 -7.017595563370
-21.502047186846 103.411632826203 -38.883625669269
-7.017595563370 -38.883625669269 40.575277885027
45.920367987370 -21.687167841648 -7.076216905040
-21.687167841648 104.294689075912 -39.215168983136
-7.076216905040 -39.215168983136 40.921103012641
46.192569658302 -21.816785254340 -7.117656834571
-21.816785254340 104.914580416003 -39.448016282266
-7.117656834571 -39.448016282266 41.164012147722
46.381506321956 -21.906515144927 -7.146533900868
-21.906515144927 105.344477083337 -39.609548975280
-7.146533900868 -39.609548975280 41.332540119092
46.511163119454 -21.967979936837 -7.166403876844
-21.967979936837 105.639316144079 -39.720358673929
-7.166403876844 -39.720358673929 41.448155598355
46.599205873289 -22.009665706371 -7.179921018102
-22.009665706371 105.839444235866 -39.795584384534
-7.179921018102 -39.795584384534 41.526647094942
46.658399516309 -22.037668888980 -7.189020084867
-22.037668888980 105.973959460590 -39.846152154805
-7.189020084867 -39.846152154805 41.579411653276
46.697820572800 -22.056307724138 -7.195084709926
-22.056307724138 106.063525996245 -39.879824829152
-7.195084709926 -39.879824829152 41.614547810074
46.723833366450 -22.068602406150 -7.199088735980
-22.068602406150 106.122621207223 -39.902042761581
-7.199088735980 -39.902042761581 41.637731666644
46.740844985394 -22.076640826651 -7.201708180869
-22.076640826651 106.161264723781 -39.916571931892
-7.201708180869 -39.916571931892 41.652892615977
46.751872319086 -22.081850698724 -7.203406558257
-22.081850698724 106.186313076913 -39.925989780397
-7.203406558257 -39.925989780397 41.662720037588
46.758958433441 -22.085198197649 -7.204498090157
-22.085198197649 106.202408500002 -39.932041521083
-7.204498090157 -39.932041521083 41.669034984267
46.763472742990 -22.087330630144 -7.205193532225
-22.087330630144 106.212662099360 -39.935896816914
-7.205193532225 -39.935896816914 41.673057965805
46.766324045495 -22.088677449239 -7.205632809931
-22.088677449239 106.219138332034 -39.938331856348
-7.205632809931 -39.938331856348 41.675598920577
46.768109631360 -22.089520852716 -7.205907911538
-22.089520852716 106.223193942158 -39.939856755534
-7.205907911538 -39.939856755534 41.677190148716
46.769218336116 -22.090044529705 -7.206078731494
-22.090044529705 106.225712135475 -39.940803591753
-7.206078731494 -39.940803591753 41.678178170265
46.769900923129 -22.090366934305 -7.206183900337
-22.090366934305 106.227262485473 -39.941386521316
-7.206183900337 -39.941386521316 41.678786456212
46.770317614235 -22.090563747746 -7.206248102140
-22.090563747746 106.228208908041 -39.941742375226
-7.206248102140 -39.941742375226 41.679157789202
46.770569840493 -22.090682879953 -7.206286964187
-22.090682879953 106.228781784034 -39.941957776107
-7.206286964187 -39.941957776107 41.679382559708
46.770721228345 -22.090754383722 -7.206310289519
-22.090754383722 106.229125627703 -39.942087061067
-7.206310289519 -39.942087061067 41.679517468386
46.770811327468 -22.090796939436 -7.206324171717
-22.090796939436 106.229330267631 -39.942164005539
-7.206324171717 -39.942164005539 41.679597759839
46.770864499416 -22.090822053647 -7.206332364298
-22.090822053647 106.229451035742 -39.942209414269
-7.206332364298 -39.942209414269 41.679645143791
46.770895615175 -22.090836750256 -7.206337158528
-22.090836750256 106.229521708171 -39.942235987058
-7.206337158528 -39.942235987058 41.679672872461
46.770913670989 -22.090845278385 -7.206339940519
-22.090845278385 106.229562717879 -39.942251406682
-7.206339940519 -39.942251406682 41.679688962820
46.770924060510 -22.090850185566 -7.206341541309
-22.090850185566 106.229586315330 -39.942260279309
-7.206341541309 -39.942260279309 41.679698221395
46.770929988650 -22.090852985546 -7.206342454701
-22.090852985546 106.229599779760 -39.942265341927
-7.206342454701 -39.942265341927 41.679703504230
46.770933342845 -22.090854569800 -7.206342971507
-22.090854569800 106.229607398057 -39.942268206402
-7.206342971507 -39.942268206402 41.679706493306
46.770935224793 -22.090855458682 -7.206343261472
-22.090855458682 106.229611672477 -39.942269813581
-7.206343261472 -39.942269813581 41.679708170396
46.770936271871 -22.090855953238 -7.206343422803
-22.090855953238 106.229614050677 -39.942270707783
-7.206343422803 -39.942270707783 41.679709103494
46.770936849573 -22.090856226099 -7.206343511814
-22.090856226099 106.229615362797 -39.942271201140
-7.206343511814 -39.942271201140 41.679709618311
46.770937165645 -22.090856375386 -7.206343560514
-22.090856375386 106.229616080683 -39.942271471064
-7.206343560514 -39.942271471064 41.679709899977
46.770937337129 -22.090856456381 -7.206343586935
-22.090856456381 106.229616470171 -39.942271617511
-7.206343586935 -39.942271617511 41.679710052795
46.770937429392 -22.090856499959 -7.206343601151
-22.090856499959 106.229616679724 -39.942271696303
-7.206343601151 -39.942271696303 41.679710135014
46.770937478617 -22.090856523209 -7.206343608736
-22.090856523209 106.229616791528 -39.942271738341
-7.206343608736 -39.942271738341 41.679710178881
46.770937504661 -22.090856535510 -7.206343612748
-22.090856535510 106.229616850682 -39.942271760583
-7.206343612748 -39.942271760583 41.679710202090
46.770937518326 -22.090856541964 -7.206343614854
-22.090856541964 106.229616881718 -39.942271772253
-7.206343614854 -39.942271772253 41.679710214267
46.770937525436 -22.090856545322 -7.206343615949
-22.090856545322 106.229616897867 -39.942271778325
-7.206343615949 -39.942271778325 41.679710220603
46.770937529104 -22.090856547055 -7.206343616514
-22.090856547055 106.229616906199 -39.942271781458
-7.206343616514 -39.942271781458 41.679710223872
46.770937530981 -22.090856547941 -7.206343616804
-22.090856547941 106.229616910462 -39.942271783061
-7.206343616804 -39.942271783061 41.679710225545
46.770937531934 -22.090856548391 -7.206343616950
-22.090856548391 106.229616912626 -39.942271783874
-7.206343616950 -39.942271783874 41.679710226394
46.770937532413 -22.090856548618 -7.206343617024
-22.090856548618 106.229616913714 -39.942271784283
-7.206343617024 -39.942271784283 41.679710226821
46.770937532652 -22.090856548731 -7.206343617061
-22.090856548731 106.229616914258 -39.942271784488
-7.206343617061 -39.942271784488 41.679710227034
46.770937532771 -22.090856548787 -7.206343617079
-22.090856548787 106.229616914526 -39.942271784589
-7.206343617079 -39.942271784589 41.679710227140
46.770937532829 -22.090856548814 -7.206343617088
-22.090856548814 106.229616914658 -39.942271784638
-7.206343617088 -39.942271784638 41.679710227191
46.770937532857 -22.090856548827 -7.206343617093
-22.090856548827 106.229616914723 -39.942271784662
-7.206343617093 -39.942271784662 41.679710227217
46.770937532871 -22.090856548834 -7.206343617095
-22.090856548834 106.229616914754 -39.942271784674
-7.206343617095 -39.942271784674 41.679710227229
