17.150878025081 12.243476394498 -10.834509433721
12.243476394498 55.168445796417 -25.908836101275
-10.834509433721 -25.908836101275 18.890621576169
17.386147391425 12.411461209668 -10.983131446188
12.411461209668 55.777250698428 -26.243287094408
-10.983131446188 -26.243287094408 19.111397014511
17.519752588043 12.506836342490 -11.067533032207
12.506836342490 56.123611499085 -26.433274383387
-11.067533032207 -26.433274383387 19.236970568268
17.565282902893 12.539297294940 -11.096299250798
12.539297294940 56.230666159050 -26.496397474370
-11.096299250798 -26.496397474370 19.276995132320
17.526103477210 12.511222853664 -11.071557588848
12.511222853664 56.099998051454 -26.436392510933
-11.071557588848 -26.436392510933 19.232828520288
17.395523926796 12.417778049863 -10.989085484196
12.417778049863 55.708570333050 -26.242848593601
-10.989085484196 -26.242848593601 19.096818151416
17.155490531355 12.245935035339 -10.837486612679
12.245935035339 55.003658158373 -25.889041499667
-10.837486612679 -25.889041499667 18.850723889486
16.773758778866 11.972338505985 -10.596410539246
11.972338505985 53.894963191356 -25.327659762157
-10.596410539246 -25.327659762157 18.463138308449
16.199895279695 11.560152744741 -10.234040811360
11.560152744741 52.244905521683 -24.484764479032
-10.234040811360 -24.484764479032 17.886473365751
15.361932152042 10.955903124784 -9.705013912850
10.955903124784 49.862523799975 -23.254243914498
-9.705013912850 -23.254243914498 17.055973825613
14.169569980068 10.089822919352 -8.952516701691
10.089822919352 46.516923968893 -21.500198019376
-8.952516701691 -21.500198019376 15.897845670316
12.538302446080 8.888519153753 -7.923681317175
8.888519153753 42.004967192296 -19.085171103532
-7.923681317175 -19.085171103532 14.362228248236
10.458425361454 7.315131707070 -6.613442503635
7.315131707070 36.320447034380 -15.953330445317
-6.613442503635 -15.953330445317 12.503631492925
8.117953923609 5.444801251915 -5.142426547447
5.444801251915 29.911428929804 -12.278302621321
-5.142426547447 -12.278302621321 10.605433265660
5.994239171637 3.530207291403 -3.814472725074
3.530207291403 23.784367183923 -8.574890595860
-3.814472725074 -8.574890595860 9.232522807782
4.698360199052 1.934940350539 -3.016633743220
1.934940350539 19.034750317891 -5.534913613314
-3.016633743220 -5.534913613314 8.981196733379
4.531901351431 0.899461323769 -2.937072320187
0.899461323769 15.986808065214 -3.560586777643
-2.937072320187 -3.560586777643 9.972595734442
5.238440987463 0.384832801721 -3.408672036570
0.384832801721 14.044771003808 -2.512399833426
-3.408672036570 -2.512399833426 11.700770748957
6.297062899107 0.187689538769 -4.097975611794
0.187689538769 12.478517161972 -1.988650170381
-4.097975611794 -1.988650170381 13.499878776755
7.324134757339 0.129486581297 -4.761252774636
0.129486581297 10.980832125425 -1.682834387198
-4.761252774636 -1.682834387198 14.992493749887
8.170504811003 0.117687629893 -5.305195886426
0.117687629893 9.565695832309 -1.459892298794
-5.305195886426 -1.459892298794 16.109265619410
8.824098523568 0.117835038282 -5.723788287230
0.117835038282 8.315367663581 -1.279863685229
-5.723788287230 -1.279863685229 16.916056655521
9.315275126118 0.119933031250 -6.037589615930
0.119933031250 7.272083727903 -1.133350896387
-6.037589615930 -1.133350896387 17.492726372476
9.674578399535 0.121730045608 -6.266814977977
0.121730045608 6.434672574167 -1.016485074890
-6.266814977977 -1.016485074890 17.893481962922
9.922476964397 0.122895845155 -6.424915490205
0.122895845155 5.780324656829 -0.925409221696
-6.424915490205 -0.925409221696 18.146208806782
10.070395714822 0.123395479252 -6.519337713859
0.123395479252 5.280933893570 -0.856175727798
-6.519337713859 -0.856175727798 18.261254291677
10.123871073945 0.123096865992 -6.553587550390
0.123096865992 4.911000386580 -0.805305909937
-6.553587550390 -0.805305909937 18.239158045248
10.085228906359 0.121659211732 -6.528941863037
0.121659211732 4.650482739779 -0.770105738175
-6.528941863037 -0.770105738175 18.075552192766
9.955580794732 0.118443203542 -6.445681375459
0.118443203542 4.485512645798 -0.748787540495
-6.445681375459 -0.748787540495 17.763988664576
9.736572315520 0.112371662501 -6.304118701057
0.112371662501 4.408597835974 -0.740552879646
-6.304118701057 -0.740552879646 17.297779239665
9.432410354582 0.101708296950 -6.105747930382
0.101708296950 4.419135615789 -0.745749265626
-6.105747930382 -0.745749265626 16.671741213439
9.052660313779 0.083727226246 -5.854815403146
0.083727226246 4.524686336823 -0.766177233230
-5.854815403146 -0.766177233230 15.884522820219
8.616200691262 0.054254039969 -5.560549915560
0.054254039969 4.743268396029 -0.805599311761
-5.560549915560 -0.805599311761 14.941990583227
8.156449551444 0.007092140688 -5.240138532149
0.007092140688 5.106700704404 -0.870458898255
-5.240138532149 -0.870458898255 13.861884072611
7.727340482351 -0.066570092934 -4.922180842169
-0.066570092934 5.664502624435 -0.970713705428
-4.922180842169 -0.970713705428 12.679400381887
7.408344378540 -0.178525977097 -4.649695179864
-0.178525977097 6.486863637356 -1.120486488706
-4.649695179864 -1.120486488706 11.452402862928
7.305209513766 -0.343246904899 -4.480835350980
-0.343246904899 7.663752984187 -1.337943463996
-4.480835350980 -1.337943463996 10.263632931346
7.541853611188 -0.576331695864 -4.484759233472
-0.576331695864 9.296050121328 -1.643569015513
-4.484759233472 -1.643569015513 9.216283238403
8.239773672014 -0.891305603860 -4.730561315629
-0.891305603860 11.475299544610 -2.056147973862
-4.730561315629 -2.056147973862 8.419919530505
9.486271488605 -1.295081990786 -5.269867352331
-1.295081990786 14.253215502224 -2.586672643740
-5.269867352331 -2.586672643740 7.967356311293
11.301017651501 -1.783536545859 -6.118230881986
-1.783536545859 17.610016849384 -3.231986445592
-6.118230881986 -3.231986445592 7.909125468104
13.616618578924 -2.339429677006 -7.243928826983
-2.339429677006 21.437013833968 -3.971248238631
-7.243928826983 -3.971248238631 8.236713348177
16.285730223183 -2.934342495832 -8.571159088089
-2.934342495832 25.546191280968 -4.767771067427
-8.571159088089 -4.767771067427 8.883738766833
19.113951281972 -3.534280065633 -9.997425974564
-3.534280065633 29.706183897028 -5.576129113554
-9.997425974564 -5.576129113554 9.745186611368
21.903414090820 -4.106517968280 -11.417042893821
-4.106517968280 33.688947140888 -6.351420178726
-11.417042893821 -6.351420178726 10.705087999069
24.487832825394 -4.624757295980 -12.740304757302
-4.624757295980 37.306516732472 -7.056592724523
-12.740304757302 -7.056592724523 11.660115749225
26.747470230229 -5.070916130164 -13.901976909400
-5.070916130164 40.425119931490 -7.665309663164
-13.901976909400 -7.665309663164 12.531422765318
28.604099328039 -5.433692309012 -14.859025414528
-5.433692309012 42.956540820959 -8.160330961530
-14.859025414528 -8.160330961530 13.264407656194
30.003524433032 -5.705161946560 -15.581594283160
-5.705161946560 44.835240724345 -8.529105806324
-15.581594283160 -8.529105806324 13.820787611187
30.894867701792 -5.876890348757 -16.042151790704
-5.876890348757 45.992101960499 -8.758740902442
-16.042151790704 -8.758740902442 14.168341518231
31.214600655050 -5.936812775472 -16.207067128713
-5.936812775472 46.334950166875 -8.832379271657
-16.207067128713 -8.832379271657 14.272809234649
30.882300696745 -5.867999316312 -16.034310701031
-5.867999316312 45.745624637190 -8.728948273869
-16.034310701031 -8.728948273869 14.095587130484
29.814679008801 -5.650438573342 -15.480703196576
-5.650438573342 44.103296014602 -8.428182552633
-15.480703196576 -8.428182552633 13.600344583201
27.961472624593 -5.266711842891 -14.520565382109
-5.266711842891 41.339337469956 -7.921825245747
-14.520565382109 -7.921825245747 12.769971382138
25.356612060996 -4.711101995220 -13.172285570469
-4.711101995220 37.513508396217 -7.228588419254
-13.172285570469 -7.228588419254 11.630063996228
22.160725887990 -3.999006620841 -11.520270051725
-3.999006620841 32.875065424126 -6.405090875996
-11.520270051725 -6.405090875996 10.266733188127
18.659885149663 -3.171059202962 -9.713974071375
-3.171059202962 27.856368546513 -5.542120273278
-9.713974071375 -5.542120273278 8.821814047760
15.202012260033 -2.287374949327 -7.934438401292
-2.287374949327 22.972954037487 -4.741851890300
-7.934438401292 -4.741851890300 7.458053433474
12.096363362895 -1.413100049848 -6.341774451106
-1.413100049848 18.671186060964 -4.086010353736
-6.341774451106 -4.086010353736 6.309195392282
9.533263160546 -0.602597905739 -5.033528255965
-0.602597905739 15.211005560181 -3.613772323171
-5.033528255965 -3.613772323171 5.444143701209
7.564318467440 0.109978173078 -4.034800001108
0.109978173078 12.642650881983 -3.320614117428
-4.034800001108 -3.320614117428 4.863293454491
6.136627884683 0.711316233433 -3.316499914411
0.711316233433 10.864094601932 -3.173451618279
-3.316499914411 -3.173451618279 4.520677796174
5.146095858953 1.203712942611 -2.823368027194
1.203712942611 9.704234878362 -3.129406572026
-2.823368027194 -3.129406572026 4.352674354816
4.480616603866 1.598325638018 -2.496495692168
1.598325638018 8.987730840066 -3.149058583740
-2.496495692168 -3.149058583740 4.298912031108
4.043465449360 1.909691438009 -2.285397918719
1.909691438009 8.568271153906 -3.202206268941
-2.285397918719 -3.202206268941 4.311889800798
3.760684929473 2.152306730357 -2.151707914542
2.152306730357 8.337366491391 -3.268374933228
-2.151707914542 -3.268374933228 4.358435141805
3.579755323663 2.338936597897 -2.068351804019
2.338936597897 8.220428137663 -3.334935121074
-2.068351804019 -3.334935121074 4.417286323677
3.465112369640 2.480027001020 -2.017121455770
2.480027001020 8.168728758444 -3.394726782007
-2.017121455770 -3.394726782007 4.475717609528
3.393449139176 2.583692468473 -1.986172396579
2.583692468473 8.151586132711 -3.444037385001
-1.986172396579 -3.444037385001 4.526565622477
3.349911566180 2.655940894950 -1.968013973603
2.655940894950 8.150269629380 -3.481146549362
-1.968013973603 -3.481146549362 4.566040177642
3.325381880914 2.700950545147 -1.958082333915
2.700950545147 8.153765726181 -3.505377040977
-1.958082333915 -3.505377040977 4.592269566187
3.314705742610 2.721310460835 -1.953813275562
2.721310460835 8.156074193989 -3.516521609792
-1.953813275562 -3.516521609792 4.604406700803
3.315658453545 2.718186980567 -1.954103442954
2.718186980567 8.154658221404 -3.514529218472
-1.954103442954 -3.514529218472 4.602132518398
3.328493069337 2.691403262961 -1.959075271969
2.691403262961 8.149774856773 -3.499373268492
-1.959075271969 -3.499373268492 4.585445484203
